Significantly conserved n-mers found in the donor intronic flanking region.											
Field	Description										
n-mer	The n-mer										
length	N-mer length										
count(CS)	Counts observed in CS sample										
count(RS)	Counts observed in RS sample										
N(CS)	Total counts performed in CS sample										
N(RS)	Total counts performed in RS sample										
P(CS)	Probability of n-mer in CS sampe										
P(RS)	Probability of n-mer in RS sample										
CI(low)	"Lower cutoff for confidence interval (alpha= 0.02, two tailed)"										
CI(high)	"Upper cutoff for confidence interval (alpha= 0.02, two tailed)"										
Z	Z-score										
P(Z)	P-value based on Z-score										

n-mer	length	count(CS)	count(RS)	N(CS)	N(RS)	P(CS)	P(RS)	CI(low)	CI(high)	Z	P(Z)
TTAA	4	2514	150946	59355	5.94E+06	0.0423553	0.0254311	0.0239705	0.0269781	25.9777	8.85E-149
TAAT	4	2158	130545	79474	7.95E+06	0.0271535	0.0164261	0.0154097	0.0175084	23.5993	3.92E-123
TTTG	4	3252	219454	59355	5.94E+06	0.054789	0.0369731	0.0352131	0.0388176	22.8359	2.02E-115
CTAA	4	1308	73706	59355	5.94E+06	0.0220369	0.0124178	0.011404	0.0135206	20.9775	1.05E-97
TTTCT	5	2196	145092	51926	5.19E+06	0.042291	0.0279421	0.0263081	0.0296744	19.6927	2.49E-86
TAATT	5	887	46374	51926	5.19E+06	0.017082	0.00893079	0.00802019	0.00994373	19.5579	3.54E-85
TTAAT	5	857	45059	51926	5.19E+06	0.0165043	0.00867754	0.00778054	0.00967694	19.0499	6.59E-81
TGTTT	5	1709	110362	51926	5.19E+06	0.0329122	0.0212537	0.0198304	0.0227768	18.2798	1.20E-74
ATTT	4	3760	281238	59355	5.94E+06	0.0633477	0.0473824	0.0453946	0.0494526	18.1882	6.40E-74
TTCT	4	4242	322842	79474	7.95E+06	0.0533759	0.0406223	0.0390243	0.0422829	18.0951	3.48E-73
TTTA	4	2962	215621	59355	5.94E+06	0.0499031	0.0363274	0.0345826	0.0381566	17.5582	5.15E-69
TGTT	4	3201	236190	79474	7.95E+06	0.0402773	0.0297192	0.0283496	0.0311528	17.4114	6.76E-68
TTTGT	5	1333	83798	51926	5.19E+06	0.0256711	0.016138	0.0149011	0.0174757	17.1054	1.35E-65
TTTC	4	4090	315425	59355	5.94E+06	0.0689074	0.0531421	0.0510406	0.0553251	17.014	6.46E-65
TAAC	4	1131	68639	59355	5.94E+06	0.0190548	0.0115641	0.0105869	0.0126305	16.9312	2.65E-64
AATT	4	2099	146337	59355	5.94E+06	0.0353635	0.0246545	0.0232166	0.0261792	16.7063	1.18E-62
TTTAA	5	1039	62701	44500	4.45E+06	0.0233483	0.0140901	0.0128482	0.0154502	16.4355	1.07E-60
CCTTAAC	7	51	688	36666	3.67E+06	0.00139093	0.00018764	7.94E-05	0.000443409	16.2314	3.02E-59
TTGT	4	2682	196944	79474	7.95E+06	0.0337469	0.0247809	0.0235301	0.0260965	16.1503	1.13E-58
CTAAT	5	452	21460	44500	4.45E+06	0.0101573	0.00482247	0.00411639	0.00564898	16.0768	3.71E-58
TTGTTT	6	701	39461	47084	4.71E+06	0.0148883	0.00838098	0.00745854	0.00941642	15.3535	3.35E-53
TTAAC	5	434	21003	44500	4.45E+06	0.00975281	0.00471978	0.00402182	0.00553819	15.3337	4.56E-53
TTTTCT	6	947	57975	41506	4.15E+06	0.022816	0.0139679	0.0126897	0.0153727	15.2369	2.01E-52
TTTCTT	6	922	56875	47084	4.71E+06	0.019582	0.0120795	0.0109631	0.013308	14.7838	1.86E-49
TTTAAT	6	376	18029	41506	4.15E+06	0.00905893	0.00434371	0.00365466	0.00516199	14.4577	2.24E-47
ATTAA	5	542	29350	51926	5.19E+06	0.0104379	0.00565227	0.00493674	0.00647084	14.4142	4.21E-47
TTTGTTT	7	391	19104	43794	4.38E+06	0.00892816	0.00436224	0.00368836	0.0051586	14.3529	1.02E-46
TGAA	4	1441	99353	59355	5.94E+06	0.0242777	0.0167388	0.0155571	0.0180086	14.2144	7.46E-46
CTGA	4	1603	112766	59355	5.94E+06	0.027007	0.0189986	0.0177382	0.0203467	14.1917	1.03E-45
TTTGTT	6	627	35860	47084	4.71E+06	0.0133166	0.00761618	0.00673904	0.00860649	14.1054	3.52E-45
TTGTT	5	1179	78580	65606	6.56E+06	0.0179709	0.0119776	0.011029	0.0130066	14.0073	1.41E-44
TTTGA	5	620	35597	44500	4.45E+06	0.0139326	0.00799933	0.00707502	0.00904329	13.9301	4.16E-44
TCTGA	5	548	30407	44500	4.45E+06	0.0123146	0.00683303	0.00598261	0.0078034	13.9124	5.33E-44
ACTAA	5	332	15710	51926	5.19E+06	0.00639371	0.00302546	0.00251421	0.00364029	13.8301	1.68E-43
TCTAA	5	434	22557	44500	4.45E+06	0.00975281	0.00506899	0.00434375	0.0059146	13.7815	3.30E-43
TAAA	4	1796	130521	59355	5.94E+06	0.0302586	0.0219899	0.0206325	0.0234344	13.6438	2.20E-42
TGCATG	6	130	4139	47084	4.71E+06	0.00276102	0.000879067	0.000613582	0.00125928	13.568	6.20E-42
GTTT	4	2544	195444	59355	5.94E+06	0.0428608	0.032928	0.0312662	0.034675	13.4741	2.22E-41
TGCTT	5	773	47896	51926	5.19E+06	0.0148866	0.0092239	0.0082978	0.0102523	13.3907	6.85E-41
TTAATT	6	331	16114	47084	4.71E+06	0.00702999	0.00342239	0.00285078	0.00410815	13.2686	3.52E-40
TCCTTAA	7	60	1250	34838	3.48E+06	0.00172226	0.000358804	0.000187949	0.000684867	13.1262	2.33E-39
TTGA	4	1409	99810	59355	5.94E+06	0.0237385	0.0168158	0.0156313	0.0180883	13.0258	8.73E-39
TCTT	4	3669	296924	79474	7.95E+06	0.046166	0.0373611	0.0358274	0.0389579	13.0091	1.09E-38
CCTTAA	6	116	3657	38063	3.81E+06	0.00304758	0.000960776	0.000655571	0.00140787	12.9376	2.76E-38
TTCTT	5	1613	117633	65606	6.56E+06	0.0245862	0.0179302	0.0167642	0.0191758	12.7607	2.72E-37
TTCTAA	6	208	8750	38063	3.81E+06	0.00546462	0.00229882	0.0017942	0.00294495	12.7464	3.26E-37
TGAAA	5	518	29790	44500	4.45E+06	0.0116404	0.00669438	0.00585315	0.00765558	12.6856	7.11E-37
CTAAC	5	293	14120	51926	5.19E+06	0.00564265	0.00271925	0.00223695	0.00330521	12.6617	9.64E-37
CTAATT	6	173	6829	38063	3.81E+06	0.0045451	0.00179413	0.00135543	0.00237448	12.5249	5.46E-36
TTTTG	5	1131	78309	44500	4.45E+06	0.0254157	0.0175975	0.0162051	0.0191073	12.4543	1.32E-35
TTGCTT	6	302	15123	47084	4.71E+06	0.00641407	0.00321192	0.00265974	0.00387829	12.1593	5.12E-34
AAAT	4	1970	150411	59355	5.94E+06	0.0331901	0.0253409	0.023883	0.0268854	12.0895	1.20E-33
TGAC	4	1184	83501	59355	5.94E+06	0.0199478	0.0140681	0.012987	0.0152378	12.0781	1.38E-33
TAATTT	6	363	19417	41506	4.15E+06	0.00874572	0.00467812	0.0039609	0.00552449	12.0327	2.39E-33
TCTG	4	2265	176652	59355	5.94E+06	0.0381602	0.0297619	0.0281817	0.0314279	11.9647	5.44E-33
TCTTT	5	1642	122632	51926	5.19E+06	0.0316219	0.0236167	0.0221154	0.0252173	11.9337	7.89E-33
TTTTCTT	7	424	24127	39423	3.94E+06	0.0107551	0.00612003	0.00527159	0.00710405	11.6982	1.30E-31
TGTCT	5	854	57515	51926	5.19E+06	0.0164465	0.0110763	0.0100577	0.0121969	11.6067	3.81E-31
TTTCTTT	7	434	25093	43794	4.38E+06	0.00991003	0.00572978	0.00494963	0.00663207	11.4914	1.46E-30
TTCTGA	6	207	9433	38063	3.81E+06	0.00543835	0.00247826	0.00195196	0.00314602	11.4899	1.48E-30
TGCT	4	1831	140411	79474	7.95E+06	0.023039	0.0176675	0.0166128	0.018788	11.4205	3.30E-30
ACTAAC	6	90	2842	47084	4.71E+06	0.00191148	0.000603602	0.00039151	0.000930483	11.3761	5.50E-30
TGATT	5	581	36370	51926	5.19E+06	0.011189	0.0070042	0.00620267	0.00790848	11.3444	7.91E-30
TGTTTT	6	706	46202	41506	4.15E+06	0.0170096	0.0111314	0.0099955	0.0123948	11.3285	9.48E-30
TGTCTT	6	361	20122	41506	4.15E+06	0.00869754	0.00484797	0.00411683	0.00570823	11.1915	4.49E-29
TTCTTT	6	771	51677	47084	4.71E+06	0.016375	0.0109755	0.00991334	0.01215	11.1627	6.21E-29
TTTAATT	7	156	6504	39423	3.94E+06	0.00395708	0.0016498	0.00123783	0.00219857	11.1552	6.76E-29
TTCTG	5	811	55011	44500	4.45E+06	0.0182247	0.012362	0.0112014	0.0136412	11.1114	1.10E-28
AATTA	5	471	28426	51926	5.19E+06	0.0090706	0.00547433	0.00477086	0.00628086	11.0157	3.21E-28
TTGC	4	1282	94400	59355	5.94E+06	0.0215989	0.0159043	0.0147531	0.0171438	11.0153	3.23E-28
TGCTTT	6	348	19396	41506	4.15E+06	0.00838433	0.00467306	0.00395626	0.00551902	10.9886	4.34E-28
GAAA	4	1191	87078	59355	5.94E+06	0.0200657	0.0146707	0.0135661	0.0158638	10.8584	1.82E-27
TTTTAA	6	468	28529	38063	3.81E+06	0.0122954	0.00749521	0.00653447	0.00859597	10.7704	4.75E-27
TAATGA	6	141	5818	38063	3.81E+06	0.00370438	0.00152852	0.00112823	0.00207054	10.7371	6.82E-27
TTTGAA	6	207	9941	38063	3.81E+06	0.00543835	0.00261172	0.0020698	0.00329507	10.6944	1.08E-26
TTGCT	5	596	38634	51926	5.19E+06	0.0114779	0.0074402	0.00661277	0.0083703	10.6252	2.28E-26
CTTT	4	3650	307625	59355	5.94E+06	0.0614944	0.051828	0.0497518	0.0539859	10.5616	4.49E-26
TTTCTG	6	364	21103	38063	3.81E+06	0.00956309	0.00554423	0.00472641	0.00650264	10.4698	1.19E-25
CTGAC	5	449	27460	51926	5.19E+06	0.00864692	0.00528829	0.00459766	0.00608204	10.4673	1.22E-25
TTAAA	5	712	48302	44500	4.45E+06	0.016	0.0108544	0.0097697	0.012058	10.3996	2.49E-25
CTTAAC	6	97	3489	41506	4.15E+06	0.00233701	0.000840601	0.000568434	0.00124292	10.3763	3.18E-25
TTGTTTT	7	311	17364	39423	3.94E+06	0.0078888	0.00440454	0.00369376	0.00525136	10.3549	3.98E-25
TTTATT	6	528	33718	47084	4.71E+06	0.011214	0.00716124	0.00631216	0.00812361	10.3488	4.24E-25
TAATTA	6	168	7698	47084	4.71E+06	0.00356809	0.00163495	0.00125533	0.00212912	10.2712	9.51E-25
TTGCTTT	7	150	6585	39423	3.94E+06	0.00380489	0.00167034	0.00125546	0.00222203	10.2625	1.04E-24
TTTTGT	6	495	31373	41506	4.15E+06	0.011926	0.00755867	0.00663185	0.00861388	10.1931	2.13E-24
TTTTA	5	1209	90497	44500	4.45E+06	0.0271685	0.0203364	0.0188372	0.0219523	10.1436	3.54E-24
TTTGC	5	541	35093	44500	4.45E+06	0.0121573	0.00788607	0.00696868	0.00892313	10.109	5.04E-24
TTAACT	6	162	7426	41506	4.15E+06	0.00390305	0.00178914	0.00136721	0.00234097	10.0816	6.67E-24
TTTAT	5	1035	75788	51926	5.19E+06	0.0199322	0.0145954	0.0134207	0.0158713	10.0723	7.33E-24
ACTAAT	6	116	4663	38063	3.81E+06	0.00304758	0.00122507	0.000872928	0.00171903	10.0409	1.01E-23
TGCATGC	7	33	660	43794	4.38E+06	0.000753528	0.000150706	6.27E-05	0.000362244	10.0293	1.13E-23
TTTATTT	7	295	16533	43794	4.38E+06	0.00673608	0.00377517	0.00315205	0.00452093	10.015	1.31E-23
TTTTC	5	1629	127492	44500	4.45E+06	0.0366067	0.0286499	0.0268667	0.0305477	9.99845	1.55E-23
TTTGCTT	7	142	6275	39423	3.94E+06	0.00360196	0.00159171	0.0011881	0.00213215	9.9011	4.12E-23
ATTTT	5	1487	115698	44500	4.45E+06	0.0334157	0.0259996	0.0243014	0.0278129	9.7688	1.53E-22
AATG	4	1302	99500	59355	5.94E+06	0.0219358	0.0167635	0.015581	0.0180342	9.75183	1.81E-22
ATTA	4	1303	99532	79474	7.95E+06	0.0163953	0.0125238	0.0116388	0.0134753	9.75077	1.83E-22
TGAT	4	1362	104687	79474	7.95E+06	0.0171377	0.0131725	0.0122642	0.014147	9.74147	2.01E-22
TTATTT	6	560	37453	47084	4.71E+06	0.0118936	0.00795451	0.00705705	0.00896506	9.55103	1.28E-21
TTGTCTT	7	135	6018	39423	3.94E+06	0.0034244	0.00152652	0.00113246	0.00205742	9.54575	1.35E-21
TGATTT	6	273	15381	41506	4.15E+06	0.00657736	0.00370573	0.00307364	0.00446722	9.5442	1.37E-21
AATTT	5	794	56733	44500	4.45E+06	0.0178427	0.012749	0.0115697	0.0140468	9.51164	1.88E-21
TTGCATG	7	39	936	34838	3.48E+06	0.00111947	0.000268672	0.000127787	0.000564794	9.49371	2.23E-21
TTGAA	5	423	26816	44500	4.45E+06	0.00950562	0.00602607	0.00523058	0.00694169	9.41039	4.94E-21
TTGTCT	6	264	14881	41506	4.15E+06	0.00636053	0.00358526	0.00296447	0.0043355	9.37705	6.78E-21
TAATG	5	396	24771	44500	4.45E+06	0.00889888	0.00556652	0.004804	0.00644928	9.3738	7.00E-21
TTTCTAA	7	90	3465	34838	3.48E+06	0.00258339	0.000994604	0.00067169	0.00147253	9.2879	1.57E-20
TTTGCT	6	260	14701	41506	4.15E+06	0.00626415	0.0035419	0.00292521	0.00428803	9.25414	2.16E-20
GCTT	4	1309	101517	59355	5.94E+06	0.0220537	0.0171034	0.0159086	0.0183862	9.24276	2.40E-20
TTGAAA	6	170	8477	38063	3.81E+06	0.00446628	0.0022271	0.00173137	0.00286435	9.1759	4.48E-20
TAACT	5	384	24082	51926	5.19E+06	0.00739514	0.00463775	0.00399387	0.00538489	9.17521	4.51E-20
TTTTAAT	7	157	7627	36666	3.67E+06	0.0042819	0.00208013	0.00159527	0.00271195	9.15989	5.19E-20
CTTAA	5	354	21802	44500	4.45E+06	0.00795506	0.00489933	0.00418722	0.00573184	9.15804	5.28E-20
TTGTC	5	499	33186	44500	4.45E+06	0.0112135	0.00745753	0.00656681	0.00846804	9.14104	6.19E-20
TTAATTT	7	145	6907	39423	3.94E+06	0.00367806	0.00175202	0.0013257	0.00231512	9.04987	1.43E-19
GAAAT	5	382	24140	44500	4.45E+06	0.00858427	0.00542472	0.00467265	0.00629707	9.00317	2.19E-19
AATGA	5	383	24219	51926	5.19E+06	0.00737588	0.00466414	0.00401829	0.00541322	8.99848	2.29E-19
ATTTA	5	591	40985	51926	5.19E+06	0.0113816	0.00789296	0.00703944	0.00884906	8.9196	4.68E-19
GCTAA	5	207	11247	44500	4.45E+06	0.00465169	0.00252742	0.00203094	0.00314488	8.84393	9.24E-19
TAACC	5	242	13757	44500	4.45E+06	0.0054382	0.00309146	0.00253673	0.00376704	8.84004	9.57E-19
GCATG	5	225	12556	51926	5.19E+06	0.00433309	0.00241806	0.00196586	0.00297397	8.80661	1.29E-18
TTTTGTT	7	248	14270	39423	3.94E+06	0.00629074	0.00361971	0.00298097	0.00439473	8.75524	2.04E-18
GCTTT	5	551	38029	44500	4.45E+06	0.012382	0.00854584	0.00758881	0.0096224	8.72871	2.58E-18
TTTGAAA	7	80	3109	34838	3.48E+06	0.00229634	0.000892416	0.000589811	0.00135006	8.66497	4.52E-18
TCTAAT	6	137	6663	41506	4.15E+06	0.00330073	0.00160531	0.00120858	0.00213199	8.54055	1.34E-17
TTTCTGA	7	83	3322	34838	3.48E+06	0.00238246	0.000953556	0.000638674	0.00142346	8.53506	1.40E-17
TTTTCTG	7	140	6870	34838	3.48E+06	0.0040186	0.00197198	0.00149107	0.00260761	8.52439	1.54E-17
TTGAT	5	422	27969	51926	5.19E+06	0.00812695	0.00538632	0.00468889	0.00618683	8.46884	2.48E-17
ATTAAA	6	164	8535	41506	4.15E+06	0.00395124	0.00205633	0.00159995	0.00264254	8.44141	3.14E-17
TTTGTC	6	222	12643	38063	3.81E+06	0.00583244	0.0033216	0.00270255	0.00408186	8.44004	3.17E-17
TTATT	5	998	76455	65606	6.56E+06	0.015212	0.0116537	0.0107184	0.0126695	8.43777	3.23E-17
TCTAAC	6	92	3884	38063	3.81E+06	0.00241705	0.00102041	0.000704118	0.00147858	8.43503	3.31E-17
GATTT	5	478	32723	44500	4.45E+06	0.0107416	0.00735348	0.00646935	0.00835742	8.30519	9.97E-17
TACTAA	6	92	3939	38063	3.81E+06	0.00241705	0.00103486	0.000715928	0.00149567	8.29067	1.13E-16
TAAAT	5	539	37828	51926	5.19E+06	0.0103802	0.00728498	0.00646668	0.00820598	8.23541	1.79E-16
TTTTGA	6	204	11519	38063	3.81E+06	0.00535954	0.0030263	0.00243823	0.00375567	8.21496	2.12E-16
TTTAAC	6	144	7352	38063	3.81E+06	0.0037832	0.00193153	0.00147407	0.00253062	8.14845	3.69E-16
CTTTG	5	632	45860	44500	4.45E+06	0.0142022	0.0103056	0.00924991	0.0114804	8.08384	6.28E-16
GATT	4	1029	80102	59355	5.94E+06	0.0173364	0.0134954	0.0124372	0.0146424	8.05865	7.71E-16
ATTTTA	6	308	19508	41506	4.15E+06	0.00742061	0.00470004	0.00398101	0.00554822	8.04066	8.94E-16
TTGATT	6	184	10222	47084	4.71E+06	0.00390791	0.00217101	0.00172599	0.00273047	8.02566	1.01E-15
TGAAAT	6	168	9095	41506	4.15E+06	0.00404761	0.00219125	0.00171832	0.00279398	8.01451	1.11E-15
TTTGAT	6	179	9894	41506	4.15E+06	0.00431263	0.00238375	0.00188805	0.0030092	7.98654	1.39E-15
TTTGTCT	7	118	5761	36666	3.67E+06	0.00321824	0.00157121	0.00115802	0.00213151	7.8824	3.21E-15
TGTCTTT	7	145	7608	36666	3.67E+06	0.00395462	0.00207495	0.00159077	0.00270609	7.83548	4.67E-15
TAATTG	6	122	6052	38063	3.81E+06	0.00320521	0.00159	0.00118054	0.00214116	7.83068	4.85E-15
TTAATG	6	149	7893	38063	3.81E+06	0.00391456	0.00207367	0.00159746	0.00269144	7.82177	5.21E-15
ATTAAT	6	163	8891	47084	4.71E+06	0.0034619	0.00188833	0.00147665	0.0024145	7.79387	6.50E-15
TGTC	4	1613	133032	59355	5.94E+06	0.0271755	0.0224129	0.0210424	0.0238705	7.79171	6.61E-15
ATTTTAA	7	116	5709	36666	3.67E+06	0.00316369	0.00155703	0.00114599	0.00211519	7.72472	1.12E-14
TAATTAA	7	53	1899	43794	4.38E+06	0.00121021	0.000433621	0.000255837	0.000734859	7.6995	1.37E-14
TTTCA	5	617	45322	44500	4.45E+06	0.0138652	0.0101847	0.0091355	0.0113531	7.6807	1.58E-14
AATTAA	6	151	8145	47084	4.71E+06	0.00320703	0.00172989	0.00133799	0.00223632	7.64261	2.13E-14
TTAATC	6	104	4999	38063	3.81E+06	0.00273231	0.00131335	0.000946648	0.00182184	7.56571	3.86E-14
AATAA	5	463	32771	65606	6.56E+06	0.00705728	0.00499512	0.00439437	0.00567753	7.43989	1.01E-13
TATTAA	6	150	8226	38063	3.81E+06	0.00394083	0.00216115	0.00167373	0.00279012	7.4097	1.27E-13
CTGAA	5	327	21777	44500	4.45E+06	0.00734831	0.00489371	0.00418204	0.00572579	7.36507	1.77E-13
TCTGAA	6	123	6382	38063	3.81E+06	0.00323148	0.00167669	0.0012546	0.00224047	7.34377	2.08E-13
TGCTAA	6	92	4325	38063	3.81E+06	0.00241705	0.00113627	0.000799295	0.00161509	7.3394	2.15E-13
TGAAAA	6	147	8075	38063	3.81E+06	0.00386202	0.00212148	0.00163912	0.0027454	7.31412	2.59E-13
TACTAAT	7	37	1166	36666	3.67E+06	0.00100911	0.000318006	0.000162939	0.000620557	7.30709	2.73E-13
GTTTT	5	1003	79858	44500	4.45E+06	0.0225393	0.0179456	0.0165392	0.0194693	7.25431	4.04E-13
CACTAA	6	69	2934	38063	3.81E+06	0.00181278	0.000770827	0.000503369	0.00118023	7.2401	4.48E-13
TGTTTCT	7	147	8129	36666	3.67E+06	0.00400916	0.00221704	0.00171443	0.00286657	7.23114	4.79E-13
CTTTGT	6	243	15303	38063	3.81E+06	0.00638415	0.00402044	0.00333317	0.00484873	7.2305	4.81E-13
TATTT	5	1170	95103	51926	5.19E+06	0.0225321	0.0183151	0.0169955	0.0197351	7.12288	1.06E-12
TGACCT	6	131	7073	41506	4.15E+06	0.00315617	0.00170409	0.00129365	0.00224446	7.10702	1.19E-12
ATTAAC	6	87	4125	38063	3.81E+06	0.00228568	0.00108373	0.000755997	0.00155332	7.05318	1.75E-12
TTTTGCA	7	48	1784	34838	3.48E+06	0.00137781	0.000512085	0.000297235	0.000882095	7.04826	1.81E-12
AAATG	5	458	32969	44500	4.45E+06	0.0102921	0.00740876	0.00652113	0.0084162	7.04422	1.87E-12
TTCTAAT	7	63	2641	36666	3.67E+06	0.00171821	0.000720286	0.000459826	0.00112811	7.03911	1.93E-12
TCTGTT	6	286	18967	41506	4.15E+06	0.00689057	0.0045697	0.0038615	0.00540708	6.95844	3.44E-12
TGTTTC	6	285	18906	38063	3.81E+06	0.00748759	0.00496703	0.00419623	0.00587857	6.94285	3.84E-12
CTAATTA	7	33	1035	34838	3.48E+06	0.000947242	0.000297089	0.00014633	0.000603077	6.93184	4.15E-12
CATTT	5	754	58637	44500	4.45E+06	0.0169438	0.0131769	0.0119772	0.0144949	6.92437	4.38E-12
ACTAACC	7	23	591	34838	3.48E+06	0.000660199	0.000169642	6.74E-05	0.000427197	6.89756	5.29E-12
TTGAC	5	255	16577	44500	4.45E+06	0.00573034	0.00372517	0.00311103	0.00446001	6.89061	5.56E-12
CTAACT	6	90	4394	47084	4.71E+06	0.00191148	0.000933226	0.000658252	0.00132291	6.8817	5.91E-12
TTTTAAC	7	66	2883	34838	3.48E+06	0.00189448	0.000827545	0.000538417	0.00127174	6.84758	7.51E-12
GCATGC	6	51	2005	47084	4.71E+06	0.00108317	0.000425835	0.000254742	0.000711758	6.82721	8.66E-12
TTCA	4	1397	116578	59355	5.94E+06	0.0235363	0.0196408	0.0183589	0.0210103	6.79902	1.05E-11
TTAACTT	7	61	2602	39423	3.94E+06	0.00154732	0.000660021	0.000419964	0.00103716	6.78078	1.20E-11
TCTTTG	6	236	15209	38063	3.81E+06	0.00620025	0.00399574	0.00331078	0.00482173	6.76541	1.33E-11
TGACA	5	280	18716	44500	4.45E+06	0.00629213	0.00420584	0.00354995	0.00498231	6.75031	1.48E-11
TCTAATT	7	54	2201	36666	3.67E+06	0.00147275	0.000600284	0.000367443	0.000980525	6.73866	1.60E-11
TGCAT	5	312	21409	51926	5.19E+06	0.00600855	0.00412298	0.00351848	0.00483083	6.65715	2.79E-11
AGAA	4	961	77558	79474	7.95E+06	0.012092	0.00975891	0.00898043	0.0106042	6.64973	2.94E-11
TCATTT	6	283	19106	41506	4.15E+06	0.00681829	0.00460319	0.00389219	0.00544336	6.6181	3.64E-11
TGGCTT	6	135	7670	41506	4.15E+06	0.00325254	0.00184793	0.00141821	0.00240753	6.60521	3.97E-11
TTTTGC	6	179	10966	38063	3.81E+06	0.00470273	0.00288101	0.00230873	0.00359464	6.5777	4.78E-11
CTGCATG	7	30	947	34838	3.48E+06	0.000861129	0.00027183	0.000129826	0.00056907	6.56904	5.06E-11
CTAATGA	7	31	997	34838	3.48E+06	0.000889833	0.000286182	0.000139161	0.000588434	6.56004	5.38E-11
TAATC	5	234	15252	44500	4.45E+06	0.00525843	0.00342742	0.0028405	0.0041351	6.5589	5.42E-11
TTTGATT	7	76	3617	39423	3.94E+06	0.00192781	0.000917485	0.000624727	0.00134725	6.55726	5.48E-11
ATTTC	5	587	44861	44500	4.45E+06	0.013191	0.0100811	0.00903749	0.0112439	6.52461	6.82E-11
GTCTT	5	473	35093	44500	4.45E+06	0.0106292	0.00788607	0.00696868	0.00892313	6.49855	8.11E-11
ACTAATT	7	40	1484	34838	3.48E+06	0.00114817	0.000425972	0.000234949	0.000772182	6.44633	1.15E-10
GCTAAT	6	69	3213	38063	3.81E+06	0.00181278	0.000844127	0.000561623	0.00126855	6.43857	1.21E-10
TCCTTA	6	100	5293	38063	3.81E+06	0.00262722	0.00139059	0.00101154	0.0019114	6.41407	1.42E-10
GCTGAC	6	94	4883	38063	3.81E+06	0.00246959	0.00128287	0.000921142	0.0017864	6.40689	1.49E-10
TGATTTT	7	109	5928	36666	3.67E+06	0.00297278	0.00161676	0.00119673	0.00218389	6.40435	1.51E-10
TTTT	4	7107	659283	202159	2.02E+07	0.0351555	0.0326121	0.0317055	0.0335437	6.40395	1.51E-10
TGTTTG	6	221	14428	47084	4.71E+06	0.00469374	0.00306431	0.00252614	0.0037167	6.34855	2.17E-10
TTGATTT	7	87	4441	39423	3.94E+06	0.00220683	0.0011265	0.000796055	0.00159389	6.33288	2.41E-10
TAATTTT	7	135	7848	36666	3.67E+06	0.00368189	0.0021404	0.00164766	0.00278009	6.33268	2.41E-10
TTTTAT	6	406	29669	41506	4.15E+06	0.00978172	0.00714812	0.00624833	0.00817642	6.32587	2.52E-10
CTAACTT	7	38	1401	34838	3.48E+06	0.00109076	0.000402147	0.0002181	0.00074139	6.32541	2.53E-10
TGCATGT	7	37	1352	36666	3.67E+06	0.00100911	0.000368734	0.000197859	0.000687078	6.30127	2.95E-10
GTTTG	5	389	28272	51926	5.19E+06	0.00749143	0.00544467	0.00474324	0.00624918	6.295	3.07E-10
AACTAA	6	83	4191	47084	4.71E+06	0.00176281	0.000890111	0.000622668	0.00127228	6.28802	3.22E-10
TTTCAA	6	141	8342	38063	3.81E+06	0.00370438	0.00219163	0.00170036	0.00282444	6.25859	3.88E-10
TGACTGA	7	32	1099	43794	4.38E+06	0.000730694	0.000250948	0.000126116	0.000499278	6.24813	4.15E-10
TTATTAA	7	59	2655	34838	3.48E+06	0.00169355	0.000762099	0.00048709	0.00119219	6.23128	4.63E-10
TTTAATC	7	48	1989	34838	3.48E+06	0.00137781	0.000570928	0.000340858	0.000956142	6.23004	4.66E-10
TAACTT	6	140	8309	41506	4.15E+06	0.00337301	0.00200188	0.00155233	0.00258127	6.19761	5.73E-10
TTTAACT	7	57	2545	36666	3.67E+06	0.00155457	0.000694104	0.000439472	0.00109611	6.18726	6.12E-10
TGCCAAA	7	22	629	34838	3.48E+06	0.000631494	0.00018055	7.36E-05	0.000442749	6.1578	7.38E-10
TCTGAC	6	116	6571	38063	3.81E+06	0.00304758	0.00172635	0.00129717	0.0022972	6.15523	7.50E-10
TTATTTT	7	238	15991	39423	3.94E+06	0.00603708	0.00405626	0.00337658	0.00487209	6.14238	8.13E-10
TAATTGT	7	48	2016	36666	3.67E+06	0.00130911	0.000549828	0.000329375	0.000917697	6.12965	8.81E-10
ATTTTGA	7	57	2565	36666	3.67E+06	0.00155457	0.000699558	0.000443704	0.00110278	6.12456	9.09E-10
TAATTTG	7	54	2382	34838	3.48E+06	0.00155003	0.000683736	0.000426417	0.00109616	6.11689	9.54E-10
TCTGTTT	7	140	8378	36666	3.67E+06	0.00381825	0.00228495	0.00177374	0.00294307	6.09849	1.07E-09
TCTAAA	6	104	5744	38063	3.81E+06	0.00273231	0.00150908	0.00111172	0.00204817	6.09312	1.11E-09
TGACTAA	7	25	778	34838	3.48E+06	0.000717607	0.000223319	9.92E-05	0.000502697	6.0775	1.22E-09
TTTCCTT	7	176	11144	39423	3.94E+06	0.0044644	0.00282678	0.00226927	0.00352077	6.07657	1.23E-09
AATGAA	6	124	7205	47084	4.71E+06	0.00263359	0.00153024	0.00116459	0.00201047	6.07293	1.26E-09
CTGAT	5	345	24893	44500	4.45E+06	0.00775281	0.00559393	0.00482941	0.0064787	6.06433	1.33E-09
TTGTTTC	7	106	5908	34838	3.48E+06	0.00304265	0.00169585	0.00125465	0.00229184	6.05547	1.40E-09
TTCTAAC	7	35	1299	34838	3.48E+06	0.00100465	0.000372869	0.000197658	0.000703285	6.02732	1.67E-09
TCATT	5	574	44677	51926	5.19E+06	0.0110542	0.00860397	0.00771097	0.0095994	6.00699	1.89E-09
CTGACCT	7	56	2541	39423	3.94E+06	0.00142049	0.000644548	0.000407948	0.00101823	6.00462	1.92E-09
TTTGTG	6	196	12778	38063	3.81E+06	0.00514936	0.00335707	0.00273439	0.00412095	5.99941	1.98E-09
CCTTGAC	7	28	938	36666	3.67E+06	0.00076365	0.000255823	0.000121768	0.00053738	5.99167	2.08E-09
AGAAA	5	351	25493	51926	5.19E+06	0.00675962	0.00490949	0.00424569	0.00567647	5.99074	2.09E-09
CTAAA	5	265	18359	44500	4.45E+06	0.00595506	0.00412562	0.00347652	0.00489531	5.97782	2.26E-09
TGCTTTT	7	119	6903	36666	3.67E+06	0.00324551	0.00188267	0.00142447	0.0024879	5.96886	2.39E-09
ATTTTG	6	223	14962	38063	3.81E+06	0.00585871	0.00393085	0.00325198	0.00475077	5.96664	2.42E-09
CCTTAAT	7	27	892	34838	3.48E+06	0.000775016	0.000256042	0.000119692	0.000547633	5.96482	2.45E-09
CTAATTT	7	57	2618	34838	3.48E+06	0.00163614	0.000751478	0.000478814	0.00117923	5.96123	2.50E-09
TGAAAAT	7	53	2379	36666	3.67E+06	0.00144548	0.00064883	0.000404527	0.00104052	5.92506	3.12E-09
TTTTGAA	7	67	3276	34838	3.48E+06	0.00192319	0.000940352	0.000628088	0.00140764	5.92478	3.13E-09
TGTTTTG	7	114	6563	39423	3.94E+06	0.00289171	0.00166476	0.00125067	0.00221566	5.92447	3.13E-09
GTTTCT	6	230	15575	38063	3.81E+06	0.00604261	0.0040919	0.003398	0.0049268	5.91826	3.25E-09
TTTGAC	6	96	5280	38063	3.81E+06	0.00252213	0.00138717	0.00100866	0.00190745	5.89601	3.72E-09
TTGCA	5	253	17473	44500	4.45E+06	0.00568539	0.00392652	0.00329457	0.00467911	5.89044	3.85E-09
TGAAT	5	368	27078	51926	5.19E+06	0.00708701	0.00521473	0.00452923	0.00600336	5.88377	4.01E-09
TGTCTTG	7	57	2648	39423	3.94E+06	0.00144586	0.000671689	0.00042905	0.0010514	5.87014	4.35E-09
TTCATTT	7	120	7039	39423	3.94E+06	0.00304391	0.00178551	0.00135458	0.0023532	5.86859	4.40E-09
TGACT	5	373	27527	51926	5.19E+06	0.0071833	0.0053012	0.00460966	0.00609584	5.86657	4.45E-09
ATTTTCT	7	138	8393	34838	3.48E+06	0.00396119	0.00240915	0.00187059	0.00310228	5.86116	4.60E-09
TGTTTAC	7	39	1560	34838	3.48E+06	0.00111947	0.000447787	0.000250533	0.000800222	5.85316	4.82E-09
AACT	4	993	82505	59355	5.94E+06	0.0167298	0.0139003	0.0128258	0.0150633	5.85312	4.82E-09
CTAACC	6	68	3370	41506	4.15E+06	0.00163832	0.000811931	0.000545345	0.00120868	5.8522	4.85E-09
TTTGCA	6	110	6322	38063	3.81E+06	0.00288995	0.00166093	0.00124111	0.00222244	5.83782	5.29E-09
TTAATTA	7	52	2347	43794	4.38E+06	0.00118738	0.000535918	0.000333073	0.000862192	5.82646	5.66E-09
CATTAA	6	92	5038	38063	3.81E+06	0.00241705	0.0013236	0.000955236	0.00183374	5.81478	6.07E-09
TGGTT	5	378	28060	51926	5.19E+06	0.00727959	0.00540384	0.00470521	0.00620556	5.79149	6.98E-09
TTGCAT	6	107	6130	41506	4.15E+06	0.00257794	0.00147689	0.00109862	0.00198515	5.79097	7.00E-09
TTTTATT	7	200	13288	39423	3.94E+06	0.00507318	0.00337062	0.00275634	0.00412124	5.78915	7.07E-09
TTTGTGT	7	95	5266	36666	3.67E+06	0.00259096	0.00143621	0.00104389	0.00197568	5.78685	7.17E-09
TGTTTTC	7	142	8754	34838	3.48E+06	0.00407601	0.00251277	0.00196133	0.00321875	5.78136	7.41E-09
TAATGAA	7	39	1580	34838	3.48E+06	0.00111947	0.000453528	0.000254657	0.000807578	5.76719	8.06E-09
TGGTTT	6	181	11812	41506	4.15E+06	0.00436082	0.00284585	0.00229898	0.00352236	5.75004	8.92E-09
CACTAAC	7	21	634	36666	3.67E+06	0.000572738	0.000172912	7.07E-05	0.000422615	5.72864	1.01E-08
TTAAAT	6	197	13121	41506	4.15E+06	0.0047463	0.00316123	0.00258178	0.00387023	5.70994	1.13E-08
CTTAACT	7	32	1201	39423	3.94E+06	0.000811709	0.000304644	0.000157578	0.000588886	5.69375	1.24E-08
TTTCAGC	7	24	784	34838	3.48E+06	0.000688903	0.000225042	0.000100253	0.000505081	5.68572	1.30E-08
CTGATT	6	129	7839	38063	3.81E+06	0.00338912	0.00205948	0.00158512	0.00267542	5.67561	1.38E-08
GTTAATT	7	37	1498	34838	3.48E+06	0.00106206	0.00042999	0.000237809	0.000777358	5.62157	1.89E-08
TGCTGAC	7	37	1499	34838	3.48E+06	0.00106206	0.000430277	0.000238014	0.000777728	5.61719	1.94E-08
TTTCTGT	7	126	7654	36666	3.67E+06	0.00343643	0.00208749	0.00160167	0.00272028	5.61334	1.98E-08
TTCTGAA	7	47	2100	34838	3.48E+06	0.0013491	0.00060279	0.000364785	0.000995929	5.61293	1.99E-08
TTCTAAA	7	48	2166	34838	3.48E+06	0.00137781	0.000621735	0.000379105	0.00101949	5.59969	2.15E-08
TTCTGT	6	276	19707	41506	4.15E+06	0.00664964	0.00474799	0.00402501	0.0056001	5.59692	2.18E-08
TTAACA	6	102	5877	38063	3.81E+06	0.00267977	0.00154402	0.0011414	0.00208836	5.59511	2.20E-08
TATTAAA	7	50	2296	34838	3.48E+06	0.00143521	0.00065905	0.000407501	0.00106572	5.58454	2.34E-08
TCATTAA	7	36	1450	34838	3.48E+06	0.00103335	0.000416212	0.000228025	0.00075959	5.57854	2.43E-08
TGTCA	5	287	20650	44500	4.45E+06	0.00644944	0.00464045	0.00394883	0.00545254	5.57638	2.46E-08
TCTTG	5	494	38465	44500	4.45E+06	0.0111011	0.00864382	0.00768103	0.00972611	5.56423	2.63E-08
GTTAAT	6	87	4811	38063	3.81E+06	0.00228568	0.00126396	0.000905339	0.00176438	5.56039	2.69E-08
TTAATGA	7	40	1690	34838	3.48E+06	0.00114817	0.000485102	0.000277505	0.00084787	5.55515	2.77E-08
GAAAAT	6	116	6939	38063	3.81E+06	0.00304758	0.00182303	0.00138033	0.00240738	5.5543	2.79E-08
TAACTTT	7	64	3223	36666	3.67E+06	0.00174549	0.000879016	0.000585204	0.00132015	5.54383	2.96E-08
TAATGAG	7	24	805	34838	3.48E+06	0.000688903	0.00023107	0.000103982	0.000513406	5.54032	3.02E-08
TTCTGTT	7	119	7174	39423	3.94E+06	0.00301854	0.00181975	0.00138415	0.00239211	5.53909	3.04E-08
CTTAAT	6	105	6137	38063	3.81E+06	0.00275858	0.00161233	0.00119959	0.00216677	5.52683	3.26E-08
TTCTCT	6	440	33850	41506	4.15E+06	0.0106009	0.00815545	0.00719065	0.00924849	5.50384	3.72E-08
TGCTGA	6	107	6303	38063	3.81E+06	0.00281113	0.00165594	0.00123684	0.00221672	5.49655	3.87E-08
TGTTAAT	7	46	2078	36666	3.67E+06	0.00125457	0.000566738	0.000342076	0.00093881	5.47384	4.40E-08
GTTAA	5	230	16064	44500	4.45E+06	0.00516854	0.00360989	0.00300615	0.00433435	5.44357	5.22E-08
CTTGAC	6	69	3607	41506	4.15E+06	0.00166241	0.000869031	0.000591419	0.00127679	5.43369	5.52E-08
GAAAA	5	337	25079	44500	4.45E+06	0.00757303	0.00563573	0.00486816	0.00652353	5.42295	5.86E-08
TTTAGAA	7	35	1430	34838	3.48E+06	0.00100465	0.000410471	0.000223966	0.000752169	5.40931	6.33E-08
ATTTAT	6	212	14628	47084	4.71E+06	0.00450259	0.00310679	0.00256455	0.00376324	5.4033	6.54E-08
TCTGT	5	728	59611	51926	5.19E+06	0.01402	0.01148	0.0104422	0.0126196	5.4004	6.65E-08
TGCTAAT	7	33	1318	36666	3.67E+06	0.000900016	0.000359461	0.000191399	0.000674995	5.39331	6.92E-08
TCTGAG	6	91	5187	38063	3.81E+06	0.00239077	0.00136274	0.000988104	0.00187915	5.38981	7.05E-08
GTAA	4	715	58460	59355	5.94E+06	0.0120462	0.00984921	0.00894992	0.0108379	5.38719	7.16E-08
GAATT	5	292	21354	44500	4.45E+06	0.0065618	0.00479865	0.00409444	0.00562329	5.34574	9.00E-08
CTTTGA	6	112	6772	38063	3.81E+06	0.00294249	0.00177916	0.00134254	0.00235742	5.34166	9.21E-08
TTTGCAT	7	49	2310	36666	3.67E+06	0.00133639	0.000630011	0.000390102	0.00101731	5.33426	9.59E-08
CTGTT	5	613	49461	44500	4.45E+06	0.0137753	0.0111148	0.0100167	0.0123319	5.32037	1.04E-07
GCTGA	5	272	19701	44500	4.45E+06	0.00611236	0.00442719	0.00375288	0.00522203	5.31801	1.05E-07
GAAT	4	834	69394	59355	5.94E+06	0.014051	0.0116913	0.0107085	0.0127632	5.3164	1.06E-07
TGCATGA	7	20	641	34838	3.48E+06	0.000574086	0.000183994	7.56E-05	0.000447636	5.28639	1.25E-07
TTGAAAT	7	53	2588	36666	3.67E+06	0.00144548	0.000705831	0.000448576	0.00111046	5.27911	1.30E-07
CTAATG	6	81	4530	38063	3.81E+06	0.00212805	0.00119013	0.000843888	0.0016782	5.26055	1.44E-07
TAATTC	6	98	5777	38063	3.81E+06	0.00257468	0.00151775	0.00111908	0.00205814	5.25265	1.50E-07
TGTTAA	6	113	6910	38063	3.81E+06	0.00296876	0.00181541	0.00137376	0.00239871	5.24325	1.58E-07
GCATGCT	7	19	600	34838	3.48E+06	0.000545381	0.000172226	6.88E-05	0.000430891	5.2256	1.74E-07
TGTAA	5	303	22442	44500	4.45E+06	0.00680899	0.00504315	0.00431989	0.00588677	5.22361	1.75E-07
TTTAAA	6	292	21530	38063	3.81E+06	0.00767149	0.00565641	0.00482974	0.00662364	5.20696	1.92E-07
TCTTGT	6	175	11811	41506	4.15E+06	0.00421626	0.00284561	0.00229876	0.00352209	5.2038	1.95E-07
TTCTTTT	7	279	20448	39423	3.94E+06	0.00707709	0.00518682	0.00441043	0.00609905	5.18965	2.11E-07
TCTTTGT	7	88	5077	36666	3.67E+06	0.00240004	0.00138466	0.00100056	0.00191593	5.18395	2.17E-07
TACTAAC	7	19	606	34838	3.48E+06	0.000545381	0.000173948	6.98E-05	0.00043335	5.17646	2.26E-07
AATTAG	6	56	2824	38063	3.81E+06	0.00147125	0.000741928	0.000480588	0.00114522	5.17471	2.28E-07
TTGTGT	6	199	13798	41506	4.15E+06	0.00479449	0.00332434	0.00272867	0.00404951	5.16632	2.39E-07
TAAAA	5	537	43002	44500	4.45E+06	0.0120674	0.00966337	0.00864259	0.0108034	5.15202	2.58E-07
AAATGA	6	122	7661	41506	4.15E+06	0.00293933	0.00184576	0.00141633	0.00240508	5.1498	2.61E-07
AACTAAC	7	20	659	43794	4.38E+06	0.000456684	0.000150477	6.26E-05	0.000361922	5.14668	2.65E-07
TATTTT	6	509	40529	41506	4.15E+06	0.0122633	0.00976461	0.00870395	0.0109531	5.14474	2.68E-07
CTAATTG	7	24	866	34838	3.48E+06	0.000688903	0.000248579	0.000114955	0.000537447	5.14263	2.71E-07
CTAACCT	7	27	1030	39423	3.94E+06	0.000684879	0.000261269	0.000128474	0.00053125	5.13732	2.79E-07
TTCTGAT	7	51	2505	36666	3.67E+06	0.00139093	0.000683194	0.000431021	0.00108274	5.1346	2.83E-07
TTCATT	6	229	16309	47084	4.71E+06	0.00486365	0.00346381	0.00288845	0.0041533	5.13412	2.83E-07
TTTGGAA	7	38	1678	34838	3.48E+06	0.00109076	0.000481658	0.000274999	0.000843488	5.12381	2.99E-07
GAATAA	6	76	4241	38063	3.81E+06	0.00199669	0.00111421	0.000781084	0.00158917	5.1152	3.13E-07
TTACTAA	7	33	1379	34838	3.48E+06	0.000947242	0.000395832	0.000213665	0.000733196	5.11325	3.17E-07
TCTGAT	6	119	7457	41506	4.15E+06	0.00286706	0.00179661	0.00137368	0.00234944	5.10916	3.24E-07
AAATAA	6	179	12220	47084	4.71E+06	0.00380172	0.00259536	0.0021041	0.00320096	5.10766	3.26E-07
ATTAATG	7	36	1562	34838	3.48E+06	0.00103335	0.000448361	0.000250945	0.000800958	5.09935	3.41E-07
TCTAACT	7	30	1208	36666	3.67E+06	0.000818197	0.000329461	0.00017073	0.000635672	5.0939	3.51E-07
TTTCAG	6	91	5348	38063	3.81E+06	0.00239077	0.00140504	0.00102372	0.00192812	5.09109	3.56E-07
TTAATCA	7	29	1153	34838	3.48E+06	0.000832424	0.00033096	0.000168963	0.000648175	5.08226	3.73E-07
AACTT	5	354	27018	44500	4.45E+06	0.00795506	0.00607146	0.00527279	0.00699025	5.08184	3.74E-07
TATTTA	6	188	12979	47084	4.71E+06	0.00399286	0.00275656	0.00224873	0.00337869	5.07991	3.78E-07
AGCTAA	6	54	2724	41506	4.15E+06	0.00130102	0.000656291	0.000421819	0.00102096	5.07883	3.80E-07
TAAATTA	7	46	2203	39423	3.94E+06	0.00116683	0.000558811	0.00034213	0.000912597	5.05587	4.28E-07
TTCCTT	6	338	25682	47084	4.71E+06	0.00717866	0.00545451	0.00471971	0.00630298	5.04646	4.50E-07
TTCTGCT	7	62	3283	36666	3.67E+06	0.00169094	0.00089538	0.0005983	0.00133977	5.04585	4.52E-07
TTCTGAC	7	37	1639	34838	3.48E+06	0.00106206	0.000470463	0.000266878	0.000829223	5.03552	4.77E-07
GTTTTG	6	177	12124	41506	4.15E+06	0.00426444	0.00292102	0.00236623	0.00360543	5.0349	4.78E-07
AGTAATT	7	35	1518	34838	3.48E+06	0.00100465	0.000435731	0.000241903	0.000784744	5.03053	4.89E-07
AATCA	5	211	14931	51926	5.19E+06	0.00406347	0.00287544	0.00237817	0.00347632	5.02055	5.15E-07
CTTTGAT	7	38	1705	34838	3.48E+06	0.00109076	0.000489408	0.000280641	0.000853344	5.0193	5.19E-07
TCTCT	5	1136	97977	95720	9.57E+06	0.0118679	0.0102358	0.00950616	0.0110208	4.98812	6.10E-07
TCTGC	5	436	34337	44500	4.45E+06	0.00979775	0.00771618	0.00680928	0.00874281	4.98674	6.14E-07
TGACC	5	299	22415	44500	4.45E+06	0.0067191	0.00503708	0.00431429	0.00588024	4.97904	6.39E-07
TAATTAG	7	21	733	34838	3.48E+06	0.00060279	0.000210402	9.13E-05	0.00048475	4.97885	6.40E-07
GAATAAC	7	17	534	34838	3.48E+06	0.000487973	0.000153281	5.82E-05	0.000403635	4.96772	6.77E-07
TGTCAA	6	55	2832	38063	3.81E+06	0.00144497	0.00074403	0.000482241	0.00114777	4.96736	6.79E-07
AATTC	5	274	20297	44500	4.45E+06	0.0061573	0.00456112	0.00387589	0.00536685	4.96375	6.91E-07
CTTTAA	6	124	7955	38063	3.81E+06	0.00325776	0.00208996	0.00161165	0.00270983	4.95051	7.40E-07
TTGGAA	6	81	4687	38063	3.81E+06	0.00212805	0.00123138	0.000878177	0.00172639	4.94581	7.58E-07
TTTTGTC	7	76	4323	34838	3.48E+06	0.00218153	0.00124089	0.000872824	0.00176388	4.94392	7.66E-07
CTTGTTT	7	88	5210	34838	3.48E+06	0.00252598	0.00149549	0.00108514	0.0020607	4.93589	7.98E-07
TGTTCT	6	217	15533	41506	4.15E+06	0.00522816	0.00374235	0.00310687	0.00450723	4.92324	8.51E-07
TGTTTA	6	165	11249	38063	3.81E+06	0.00433492	0.00295536	0.00237495	0.00367709	4.92231	8.55E-07
CTTGA	5	254	18660	44500	4.45E+06	0.00570787	0.00419326	0.00353843	0.00496867	4.91116	9.05E-07
TAACCT	6	79	4558	41506	4.15E+06	0.00190334	0.00109815	0.000779477	0.00154692	4.91053	9.08E-07
TGCCAA	6	55	2855	38063	3.81E+06	0.00144497	0.000750072	0.000486997	0.0011551	4.90505	9.34E-07
TTGTG	5	435	34385	44500	4.45E+06	0.00977528	0.00772697	0.00681939	0.00875426	4.90378	9.40E-07
TTGTCA	6	91	5459	38063	3.81E+06	0.00239077	0.0014342	0.00104833	0.00196183	4.89089	1.00E-06
ATGCTGC	7	22	799	34838	3.48E+06	0.000631494	0.000229347	0.000102914	0.00051103	4.89009	1.01E-06
CTGACA	6	84	4938	38063	3.81E+06	0.00220687	0.00129732	0.000933228	0.00180321	4.88847	1.02E-06
TGACAG	6	71	3990	38063	3.81E+06	0.00186533	0.00104826	0.000726895	0.00151149	4.88285	1.05E-06
ACTGA	5	274	20401	51926	5.19E+06	0.00527674	0.00392886	0.00333985	0.00462126	4.8772	1.08E-06
AATTTT	6	296	22316	38063	3.81E+06	0.00777658	0.00586291	0.00502018	0.00684614	4.85827	1.18E-06
TTTCTGC	7	60	3220	34838	3.48E+06	0.00172226	0.000924278	0.000615226	0.00138836	4.85635	1.20E-06
GTTTC	5	446	35445	44500	4.45E+06	0.0100225	0.00796517	0.00704294	0.00900706	4.85184	1.22E-06
CATTTTA	7	61	3296	34838	3.48E+06	0.00175096	0.000946093	0.000632689	0.00141452	4.84183	1.29E-06
TGACAGC	7	23	862	34838	3.48E+06	0.000660199	0.000247431	0.000114229	0.000535877	4.83439	1.34E-06
TTAACC	6	67	3729	38063	3.81E+06	0.00176024	0.000979692	0.000670934	0.00143033	4.82452	1.40E-06
TATTGAT	7	33	1449	36666	3.67E+06	0.000900016	0.000395189	0.000216463	0.000721376	4.80916	1.52E-06
TTAATCT	7	43	2088	36666	3.67E+06	0.00117275	0.000569465	0.00034413	0.00094221	4.79312	1.64E-06
TCTCATT	7	64	3530	36666	3.67E+06	0.00174549	0.000962745	0.000652508	0.00142028	4.78965	1.67E-06
ATTTAA	6	156	10632	41506	4.15E+06	0.00375849	0.00256156	0.00204563	0.00320719	4.78928	1.67E-06
AGGTAAG	7	13	367	39423	3.94E+06	0.000329757	9.31E-05	2.95E-05	0.00029394	4.78642	1.70E-06
CTTTTG	6	199	14174	38063	3.81E+06	0.00522817	0.00372383	0.00306472	0.00452403	4.7851	1.71E-06
CATT	4	1521	134664	59355	5.94E+06	0.0256255	0.0226879	0.0213089	0.0241539	4.77939	1.76E-06
TGCTTC	6	142	9518	38063	3.81E+06	0.00373066	0.00250059	0.00197165	0.00317099	4.76968	1.85E-06
TTTGGA	6	93	5680	38063	3.81E+06	0.00244332	0.00149226	0.00109746	0.0020288	4.76798	1.86E-06
TAATTAC	7	24	929	34838	3.48E+06	0.000688903	0.000266663	0.000126493	0.00056207	4.76568	1.88E-06
GTCTGA	6	64	3542	38063	3.81E+06	0.00168142	0.000930562	0.000631104	0.00137192	4.7616	1.92E-06
TTCCTTA	7	43	2100	34838	3.48E+06	0.00123428	0.00060279	0.000364785	0.000995929	4.75383	2.00E-06
TGTAAA	6	95	5845	38063	3.81E+06	0.00249586	0.00153561	0.00113425	0.0020787	4.74602	2.07E-06
TCTTGGA	7	24	937	34838	3.48E+06	0.000688903	0.000268959	0.000127972	0.000565183	4.72	2.36E-06
TCTGCT	6	170	11855	41506	4.15E+06	0.00409579	0.00285621	0.00230824	0.00353381	4.69858	2.62E-06
TGTTTGC	7	45	2255	34838	3.48E+06	0.00129169	0.000647282	0.000398519	0.00105116	4.68268	2.83E-06
GATTAA	6	60	3294	38063	3.81E+06	0.00157633	0.000865407	0.000578655	0.00129408	4.67451	2.95E-06
CTGACC	6	135	9030	41506	4.15E+06	0.00325254	0.00217559	0.00170455	0.00277643	4.6743	2.95E-06
GTCTTG	6	85	5135	41506	4.15E+06	0.0020479	0.00123717	0.000895599	0.00170879	4.66037	3.16E-06
TCTTGTC	7	46	2330	39423	3.94E+06	0.00116683	0.000591026	0.000366701	0.000952446	4.65835	3.19E-06
AAAAT	5	583	48090	44500	4.45E+06	0.0131011	0.0108067	0.00972454	0.0120079	4.65314	3.27E-06
TTTAG	5	221	16157	44500	4.45E+06	0.00496629	0.00363079	0.00302515	0.00435714	4.6523	3.28E-06
TTGTAA	6	103	6520	38063	3.81E+06	0.00270604	0.00171295	0.00128567	0.0022819	4.64878	3.34E-06
AATTTTG	7	54	2884	34838	3.48E+06	0.00155003	0.000827832	0.000538643	0.00127208	4.64372	3.42E-06
TTAT	4	1954	176095	79474	7.95E+06	0.0245867	0.0221576	0.020975	0.0234052	4.6267	3.72E-06
TGTAAAT	7	36	1685	36666	3.67E+06	0.000981836	0.000459554	0.000262676	0.000803874	4.61721	3.89E-06
TAGCAGC	7	11	294	34838	3.48E+06	0.000315747	8.44E-05	2.37E-05	0.000300369	4.61534	3.92E-06
GTTCTAA	7	22	843	34838	3.48E+06	0.000631494	0.000241977	0.000110793	0.000528406	4.61451	3.94E-06
ATTTG	5	463	37364	44500	4.45E+06	0.0104045	0.0083964	0.00744821	0.00946416	4.614	3.95E-06
TGTTG	5	392	31042	65606	6.56E+06	0.00597506	0.00473158	0.00414785	0.00539701	4.61229	3.98E-06
CTTTTCT	7	154	10630	39423	3.94E+06	0.00390635	0.0026964	0.00215329	0.00337602	4.59957	4.23E-06
TCTGAAA	7	36	1690	34838	3.48E+06	0.00103335	0.000485102	0.000277505	0.00084787	4.59854	4.25E-06
CTAATTC	7	25	1019	36666	3.67E+06	0.000681831	0.000277914	0.000136159	0.000567165	4.58423	4.56E-06
TGAATT	6	131	8784	41506	4.15E+06	0.00315617	0.00211632	0.00165252	0.00270994	4.57597	4.74E-06
AATGAC	6	66	3769	38063	3.81E+06	0.00173397	0.0009902	0.000679483	0.0014428	4.57377	4.79E-06
GTTGCCA	7	16	531	34838	3.48E+06	0.000459269	0.00015242	5.77E-05	0.000402387	4.57107	4.85E-06
AATGTCA	7	27	1140	36666	3.67E+06	0.000736377	0.000310915	0.000158145	0.00061117	4.56728	4.94E-06
TTTTGAT	7	57	3125	36666	3.67E+06	0.00155457	0.000852288	0.000563877	0.00128803	4.56682	4.95E-06
GTCTTGT	7	32	1446	39423	3.94E+06	0.000811709	0.000366791	0.000200785	0.000669954	4.56324	5.04E-06
GACCT	5	209	15246	44500	4.45E+06	0.00469663	0.00342607	0.00283928	0.00413362	4.55585	5.22E-06
TAAAG	5	227	16773	44500	4.45E+06	0.00510112	0.00376921	0.00315114	0.00450798	4.55442	5.25E-06
TTCAA	5	270	20460	44500	4.45E+06	0.00606742	0.00459775	0.00390956	0.00540643	4.55284	5.29E-06
AGGAAAT	7	27	1143	34838	3.48E+06	0.000775016	0.00032809	0.000167025	0.000644374	4.55269	5.30E-06
CTCATTA	7	22	854	34838	3.48E+06	0.000631494	0.000245135	0.00011278	0.000532734	4.54828	5.41E-06
TAATGAC	7	22	855	34838	3.48E+06	0.000631494	0.000245422	0.000112961	0.000533127	4.54231	5.56E-06
GATTTA	6	77	4597	38063	3.81E+06	0.00202296	0.00120773	0.000858507	0.00169878	4.54152	5.58E-06
AATAAA	6	150	10355	47084	4.71E+06	0.0031858	0.00219926	0.00175103	0.00276192	4.53699	5.71E-06
CTGAAA	6	92	5739	38063	3.81E+06	0.00241705	0.00150776	0.00111061	0.00204665	4.53586	5.74E-06
TGTGT	5	711	59965	95720	9.57E+06	0.00742791	0.00626463	0.00569862	0.00688645	4.5347	5.77E-06
GCATGT	6	65	3714	38063	3.81E+06	0.0017077	0.000975751	0.000667731	0.00142566	4.53426	5.78E-06
AGAAAT	6	100	6361	38063	3.81E+06	0.00262722	0.00167118	0.00124988	0.00223416	4.53104	5.87E-06
TAATCA	6	66	3790	38063	3.81E+06	0.00173397	0.000995718	0.000683976	0.00144934	4.52747	5.97E-06
TGGATT	6	84	5134	41506	4.15E+06	0.0020238	0.00123693	0.000895397	0.00170851	4.52413	6.06E-06
AATGAAA	7	43	2174	39423	3.94E+06	0.00109073	0.000551455	0.000336548	0.000903469	4.51649	6.29E-06
TGTCAAC	7	14	439	34838	3.48E+06	0.00040186	0.000126012	4.37E-05	0.000363646	4.51546	6.32E-06
GTAATT	6	95	5988	38063	3.81E+06	0.00249586	0.00157318	0.00116621	0.00212186	4.5065	6.59E-06
GATTAAT	7	23	919	34838	3.48E+06	0.000660199	0.000263792	0.000124648	0.000558175	4.50014	6.79E-06
TTATTTA	7	74	4394	43794	4.38E+06	0.00168973	0.00100333	0.000707709	0.00142227	4.49937	6.82E-06
TGCTTCT	7	63	3590	36666	3.67E+06	0.00171821	0.000979109	0.000665743	0.00143976	4.48599	7.26E-06
AAACTAA	7	30	1340	39423	3.94E+06	0.000760977	0.000339903	0.000181897	0.000635074	4.48562	7.27E-06
TGGATTT	7	41	2050	36666	3.67E+06	0.0011182	0.000559101	0.000336332	0.000929283	4.48435	7.31E-06
TTCTTG	6	177	12638	38063	3.81E+06	0.00465019	0.00332028	0.00270137	0.00408041	4.47907	7.50E-06
TAATAA	6	117	7736	57079	5.71E+06	0.00204979	0.00135531	0.00104127	0.00176391	4.47622	7.60E-06
TGCTTAA	7	24	982	34838	3.48E+06	0.000688903	0.000281876	0.000136349	0.000582636	4.47136	7.77E-06
AATTAC	6	62	3528	38063	3.81E+06	0.00162888	0.000926884	0.000628132	0.00136754	4.46162	8.13E-06
TGAATGC	7	20	757	34838	3.48E+06	0.000574086	0.000217291	9.55E-05	0.000494338	4.45973	8.21E-06
ATGAA	5	285	21878	51926	5.19E+06	0.00548858	0.0042133	0.00360172	0.00492822	4.45753	8.29E-06
TCTGCTT	7	69	4051	36666	3.67E+06	0.00188185	0.00110484	0.000768232	0.0015887	4.44105	8.95E-06
GTCT	4	1241	109490	59355	5.94E+06	0.0209081	0.0184466	0.017205	0.0197761	4.43164	9.35E-06
TTGCCAA	7	19	707	34838	3.48E+06	0.000545381	0.000202939	8.68E-05	0.000474322	4.4281	9.51E-06
GTTTTC	6	214	15808	38063	3.81E+06	0.00562226	0.00415311	0.00345358	0.00499363	4.42706	9.55E-06
TTCTGAG	7	30	1357	34838	3.48E+06	0.000861129	0.000389517	0.000209245	0.000724989	4.4125	1.02E-05
TGAAATT	7	46	2413	36666	3.67E+06	0.00125457	0.000658103	0.000411657	0.00105193	4.41178	1.03E-05
TCTGTCA	7	31	1421	34838	3.48E+06	0.000889833	0.000407888	0.000222143	0.000748826	4.40714	1.05E-05
GCTTTT	6	184	13295	38063	3.81E+06	0.00483409	0.00349289	0.00285651	0.00427045	4.40483	1.06E-05
TTTCAAA	7	48	2557	34838	3.48E+06	0.00137781	0.000733969	0.000465206	0.00115782	4.39629	1.10E-05
CTGACT	6	117	7794	47084	4.71E+06	0.00248492	0.00165534	0.00127306	0.00215217	4.39519	1.11E-05
TTCAT	5	491	40266	51926	5.19E+06	0.00945576	0.0077545	0.00690887	0.00870272	4.39289	1.12E-05
TTTGATC	7	26	1117	34838	3.48E+06	0.000746311	0.000320627	0.000162002	0.000634473	4.38721	1.15E-05
TGTCTC	6	197	14413	38063	3.81E+06	0.00517563	0.00378662	0.00312146	0.00459286	4.38239	1.17E-05
TAATCT	6	97	6221	41506	4.15E+06	0.00233701	0.00149882	0.00111734	0.00201028	4.38018	1.19E-05
TGATTTA	7	39	1950	34838	3.48E+06	0.00111947	0.000559734	0.0003325	0.000942113	4.37361	1.22E-05
TGATTGC	7	20	772	34838	3.48E+06	0.000574086	0.000221597	9.81E-05	0.000500312	4.364	1.28E-05
ATTAAAT	7	45	2361	39423	3.94E+06	0.00114147	0.000598889	0.000372729	0.000962143	4.36209	1.29E-05
TTGCTTC	7	47	2500	34838	3.48E+06	0.0013491	0.000717607	0.00045253	0.00113778	4.36079	1.30E-05
CCACTAA	7	16	557	34838	3.48E+06	0.000459269	0.000159883	6.19E-05	0.000413178	4.35755	1.32E-05
ATTTTC	6	258	19671	38063	3.81E+06	0.00677824	0.00516801	0.00438054	0.00609617	4.35287	1.34E-05
TGGCTTT	7	49	2655	36666	3.67E+06	0.00133639	0.000724104	0.000462803	0.00113277	4.31888	1.57E-05
TTTCTCT	7	183	13298	36666	3.67E+06	0.004991	0.00362679	0.00296611	0.00443398	4.31593	1.59E-05
ATACTAA	7	22	894	36666	3.67E+06	0.000600011	0.000243823	0.000114072	0.000521079	4.31568	1.59E-05
TTCTCTT	7	164	11712	39423	3.94E+06	0.00416001	0.00297085	0.00239781	0.00368034	4.30825	1.65E-05
TGCA	4	825	71032	59355	5.94E+06	0.0138994	0.0119673	0.0109726	0.013051	4.30399	1.68E-05
TATTAAT	7	46	2452	36666	3.67E+06	0.00125457	0.000668739	0.000419853	0.00106501	4.29917	1.71E-05
CCTGTAA	7	18	672	34838	3.48E+06	0.000516677	0.000192893	8.08E-05	0.000460209	4.29464	1.75E-05
TTAGAA	6	72	4348	38063	3.81E+06	0.0018916	0.00114232	0.000804288	0.00162218	4.29228	1.77E-05
GTTTGA	6	73	4424	38063	3.81E+06	0.00191787	0.00116228	0.000820804	0.00164559	4.29123	1.78E-05
TCCTGTT	7	52	2887	36666	3.67E+06	0.00141821	0.000787378	0.000512431	0.00120967	4.26823	1.97E-05
TGTGATT	7	45	2394	36666	3.67E+06	0.0012273	0.000652921	0.000407671	0.00104556	4.26575	1.99E-05
TTTTCTC	7	160	11420	34838	3.48E+06	0.00459269	0.00327803	0.00263864	0.00407172	4.26311	2.02E-05
GTTTTCT	7	101	6612	34838	3.48E+06	0.00289913	0.00189793	0.00142738	0.00252321	4.26121	2.03E-05
TCTTTGA	7	39	1985	34838	3.48E+06	0.00111947	0.00056978	0.00034	0.000954704	4.25783	2.06E-05
TTAAAC	6	80	4977	38063	3.81E+06	0.00210178	0.00130757	0.000941806	0.00181512	4.2538	2.10E-05
TTTGTCA	7	37	1853	34838	3.48E+06	0.00106206	0.00053189	0.000311831	0.000907105	4.24965	2.14E-05
TCTTTAA	7	49	2681	34838	3.48E+06	0.00140651	0.000769562	0.000492914	0.00120129	4.24859	2.15E-05
TTTGAAT	7	47	2540	36666	3.67E+06	0.00128184	0.00069274	0.000438414	0.00109444	4.24822	2.15E-05
TCATTA	6	84	5289	38063	3.81E+06	0.00220687	0.00138954	0.00101066	0.00191019	4.24713	2.17E-05
TTGGTT	6	130	8969	47084	4.71E+06	0.00276102	0.00190489	0.0014912	0.00243308	4.22992	2.34E-05
GGTTT	5	327	25887	44500	4.45E+06	0.00734831	0.0058173	0.00503663	0.00671816	4.22029	2.44E-05
CCTTA	5	208	15546	44500	4.45E+06	0.00467416	0.00349348	0.00290043	0.00420729	4.19331	2.75E-05
GACTAA	6	40	2073	38063	3.81E+06	0.00105089	0.000544623	0.000328531	0.000902723	4.19326	2.75E-05
GCTAATT	7	22	916	34838	3.48E+06	0.000631494	0.000262931	0.000124096	0.000557005	4.19297	2.75E-05
GGTTAAT	7	16	579	34838	3.48E+06	0.000459269	0.000166198	6.54E-05	0.000422261	4.18605	2.84E-05
TTCAAA	6	96	6265	38063	3.81E+06	0.00252213	0.00164596	0.00122831	0.0022053	4.18497	2.85E-05
TTCTGC	6	132	9169	38063	3.81E+06	0.00346793	0.0024089	0.00189088	0.0030684	4.18479	2.85E-05
AATC	4	672	57189	59355	5.94E+06	0.0113217	0.00963508	0.00874599	0.0106136	4.18206	2.89E-05
GTGTTT	6	207	15476	38063	3.81E+06	0.00543835	0.00406589	0.0033744	0.00489839	4.18	2.92E-05
ATTAAAA	7	50	2778	36666	3.67E+06	0.00136366	0.00075765	0.000489047	0.00117361	4.17994	2.92E-05
TTTATTA	7	63	3729	34838	3.48E+06	0.00180837	0.00107038	0.000733052	0.0015627	4.17736	2.95E-05
TGTCTG	6	143	10086	47084	4.71E+06	0.00303713	0.00214213	0.00170041	0.00269828	4.17105	3.03E-05
TAATTGA	7	27	1225	34838	3.48E+06	0.000775016	0.000351628	0.000183025	0.000675441	4.16934	3.05E-05
TAATTTA	7	50	2783	39423	3.94E+06	0.0012683	0.000705933	0.000455838	0.00109309	4.16675	3.09E-05
AGCTAAT	7	18	692	34838	3.48E+06	0.000516677	0.000198634	8.42E-05	0.000468284	4.15867	3.20E-05
CTTTGTT	7	86	5499	34838	3.48E+06	0.00246857	0.00157845	0.00115509	0.00215663	4.15274	3.29E-05
TGACATT	7	36	1816	36666	3.67E+06	0.000981836	0.000495282	0.000288836	0.000849159	4.14651	3.38E-05
TGACAGG	7	18	695	34838	3.48E+06	0.000516677	0.000199495	8.48E-05	0.000469493	4.13868	3.49E-05
CACTAAT	7	20	809	34838	3.48E+06	0.000574086	0.000232218	0.000104695	0.000514989	4.137	3.52E-05
TGTGTT	6	247	18981	41506	4.15E+06	0.00595095	0.00457307	0.00386459	0.00541074	4.13382	3.57E-05
TTCTTGA	7	36	1821	34838	3.48E+06	0.00103335	0.000522705	0.000305051	0.000895518	4.12938	3.64E-05
ATTTCA	6	122	8400	41506	4.15E+06	0.00293933	0.0020238	0.0015715	0.00260596	4.12055	3.78E-05
TGGAA	5	242	18562	44500	4.45E+06	0.0054382	0.00417124	0.00351827	0.00494479	4.12012	3.79E-05
TGAAAGA	7	22	930	34838	3.48E+06	0.000631494	0.00026695	0.000126678	0.000562459	4.11665	3.84E-05
GGAATA	6	44	2378	38063	3.81E+06	0.00115598	0.000624754	0.000389477	0.00100202	4.1099	3.96E-05
CTTG	4	1309	116927	59355	5.94E+06	0.0220537	0.0196996	0.0184158	0.021071	4.10431	4.06E-05
ACTAACT	7	21	873	43794	4.38E+06	0.000479518	0.000199342	9.25E-05	0.000429739	4.10412	4.06E-05
ATTTTAT	7	96	6325	39423	3.94E+06	0.00243513	0.00160439	0.00119894	0.00214666	4.09035	4.31E-05
TTGGCTT	7	39	2037	39423	3.94E+06	0.00098927	0.000516703	0.000310333	0.00086019	4.0899	4.32E-05
TAAATG	6	111	7532	38063	3.81E+06	0.00291622	0.00197882	0.00151505	0.0025842	4.08531	4.40E-05
AGATTT	6	93	6093	38063	3.81E+06	0.00244332	0.00160077	0.00118972	0.00215352	4.08078	4.49E-05
AAATGAA	7	43	2322	39423	3.94E+06	0.00109073	0.000588996	0.000365148	0.000949942	4.06855	4.73E-05
TGTGA	5	311	24686	44500	4.45E+06	0.00698876	0.00554742	0.0047863	0.00642879	4.06814	4.74E-05
GTAAAT	6	74	4616	38063	3.81E+06	0.00194415	0.00121273	0.000862656	0.00170461	4.06769	4.75E-05
GGAAAT	6	70	4312	38063	3.81E+06	0.00183906	0.00113286	0.000796474	0.00161108	4.06294	4.85E-05
TTGAAAA	7	43	2325	34838	3.48E+06	0.00123428	0.000667375	0.000413868	0.00107599	4.05997	4.91E-05
TTTAGA	6	72	4469	38063	3.81E+06	0.0018916	0.00117411	0.000830597	0.00165944	4.05511	5.01E-05
TTGCCA	6	66	4013	38063	3.81E+06	0.00173397	0.0010543	0.000731846	0.00151863	4.05275	5.06E-05
AATTTA	6	132	9274	41506	4.15E+06	0.00318026	0.00223438	0.00175626	0.00284228	4.05262	5.06E-05
TCTGAGC	7	25	1126	34838	3.48E+06	0.000717607	0.00032321	0.000163738	0.000637903	4.05061	5.11E-05
TAAATC	6	68	4166	38063	3.81E+06	0.00178651	0.0010945	0.000764856	0.001566	4.05023	5.12E-05
CTGTTT	6	267	20841	38063	3.81E+06	0.00701469	0.0054754	0.00466305	0.00642835	4.04385	5.26E-05
CTGTCAA	7	15	544	34838	3.48E+06	0.000430564	0.000156151	5.98E-05	0.00040779	4.04377	5.26E-05
TTAAAA	6	224	17091	38063	3.81E+06	0.00588498	0.00449019	0.00376036	0.0053609	4.04373	5.26E-05
TCTTTTG	7	80	5096	34838	3.48E+06	0.00229634	0.00146277	0.00105765	0.00202276	4.03942	5.36E-05
AGAACAA	7	15	545	36666	3.67E+06	0.000409098	0.000148639	5.70E-05	0.000387858	4.03592	5.44E-05
TAGAAA	6	77	4869	38063	3.81E+06	0.00202296	0.0012792	0.000918067	0.00178212	4.02803	5.62E-05
TTGGA	5	217	16503	44500	4.45E+06	0.0048764	0.00370854	0.00309589	0.00444189	4.02665	5.66E-05
TCTGATT	7	47	2621	36666	3.67E+06	0.00128184	0.000714831	0.000455577	0.00112145	4.02641	5.66E-05
TTTATGC	7	26	1194	34838	3.48E+06	0.000746311	0.000342729	0.000176949	0.000663724	4.02606	5.67E-05
TAATTGC	7	20	829	34838	3.48E+06	0.000574086	0.000237959	0.000108274	0.000522889	4.01935	5.84E-05
TGTTCTT	7	83	5345	36666	3.67E+06	0.00226368	0.00145775	0.00106204	0.00200062	4.0138	5.97E-05
ATGAAA	6	99	6616	41506	4.15E+06	0.0023852	0.00159399	0.00119885	0.00211907	4.01077	6.05E-05
GAAATT	6	93	6138	38063	3.81E+06	0.00244332	0.00161259	0.00119981	0.00216707	4.00899	6.10E-05
TTAATTC	7	35	1789	34838	3.48E+06	0.00100465	0.00051352	0.00029829	0.000883911	4.00728	6.14E-05
CATTCAT	7	27	1262	43794	4.38E+06	0.000616523	0.000288167	0.000151397	0.000548428	4.00586	6.18E-05
TAACA	5	247	19151	44500	4.45E+06	0.00555056	0.0043036	0.00363951	0.00508824	3.99278	6.53E-05
GTAATTA	7	23	1015	34838	3.48E+06	0.000660199	0.000291349	0.00014255	0.000595377	3.98904	6.63E-05
ATTTCT	6	254	19770	38063	3.81E+06	0.00667315	0.00519402	0.00440442	0.00612431	3.98903	6.63E-05
TGCTG	5	398	32576	65606	6.56E+06	0.00606652	0.0049654	0.00436654	0.00564592	3.98818	6.66E-05
TGGTTTG	7	32	1593	39423	3.94E+06	0.000811709	0.000404079	0.000227411	0.000717894	3.98729	6.68E-05
GACTAAT	7	16	606	34838	3.48E+06	0.000459269	0.000173948	6.98E-05	0.00043335	3.98593	6.72E-05
AAATA	5	469	39011	51926	5.19E+06	0.00903208	0.00751281	0.00668114	0.00844712	3.98542	6.74E-05
TAGAA	5	197	14826	44500	4.45E+06	0.00442697	0.00333169	0.00275378	0.00403039	3.98322	6.80E-05
GTCTTT	6	179	13290	38063	3.81E+06	0.00470273	0.00349158	0.00285533	0.004269	3.9792	6.91E-05
TGATCAG	7	13	447	34838	3.48E+06	0.000373156	0.000128308	4.48E-05	0.000367052	3.97739	6.97E-05
AATTTAT	7	52	3003	34838	3.48E+06	0.00149262	0.00086199	0.000565645	0.00131339	3.97661	6.99E-05
TTTCTC	6	385	31438	38063	3.81E+06	0.0101148	0.00825946	0.007248	0.00941075	3.97523	7.03E-05
AATCAG	6	46	2569	38063	3.81E+06	0.00120852	0.000674934	0.000428233	0.0010636	3.97303	7.10E-05
TAAAAT	6	183	13641	41506	4.15E+06	0.004409	0.00328651	0.00269457	0.00400797	3.96911	7.21E-05
CTGCTT	6	159	11604	38063	3.81E+06	0.00417729	0.00304863	0.00245816	0.00378039	3.96708	7.28E-05
GACCTT	6	63	3828	38063	3.81E+06	0.00165515	0.0010057	0.000692112	0.00146117	3.96495	7.34E-05
CTCATT	6	129	9100	38063	3.81E+06	0.00338912	0.00239077	0.00187494	0.00304809	3.9603	7.49E-05
AACTAAT	7	26	1209	34838	3.48E+06	0.000746311	0.000347035	0.000179885	0.000669397	3.95886	7.53E-05
TTTCCT	6	360	29218	41506	4.15E+06	0.00867344	0.00703946	0.00614696	0.0080605	3.95741	7.58E-05
AATTGC	6	53	3085	38063	3.81E+06	0.00139243	0.000810498	0.000534816	0.00122811	3.95571	7.63E-05
TTTATG	6	135	9602	38063	3.81E+06	0.00354675	0.00252266	0.00199112	0.00319565	3.9553	7.64E-05
TGAATTC	7	26	1210	34838	3.48E+06	0.000746311	0.000347322	0.000180081	0.000669775	3.95441	7.67E-05
TAACCC	6	49	2796	38063	3.81E+06	0.00128734	0.000734572	0.000474808	0.00113629	3.94608	7.94E-05
TTCCTTG	7	48	2724	34838	3.48E+06	0.00137781	0.000781905	0.000502564	0.00121632	3.94459	7.99E-05
TGTCTGA	7	27	1277	34838	3.48E+06	0.000775016	0.000366554	0.000193289	0.000695025	3.94136	8.10E-05
AATGCT	6	84	5466	38063	3.81E+06	0.00220687	0.00143604	0.00104988	0.00196395	3.94119	8.11E-05
CATTGTT	7	38	2016	34838	3.48E+06	0.00109076	0.000578678	0.000346659	0.000965838	3.93751	8.23E-05
AATTTGC	7	22	965	34838	3.48E+06	0.000631494	0.000276996	0.000133173	0.000576054	3.9316	8.44E-05
TGTCTGT	7	60	3618	43794	4.38E+06	0.00137005	0.000826141	0.000562552	0.00121309	3.92931	8.52E-05
CTGACTT	7	42	2301	34838	3.48E+06	0.00120558	0.000660486	0.000408598	0.00106749	3.92449	8.69E-05
TCTGAAT	7	33	1678	36666	3.67E+06	0.000900016	0.000457645	0.000261288	0.000801444	3.92217	8.78E-05
GATAATT	7	24	1091	34838	3.48E+06	0.000688903	0.000313164	0.000157004	0.000624547	3.92077	8.83E-05
TTTGAAG	7	26	1220	34838	3.48E+06	0.000746311	0.000350192	0.000182043	0.000673553	3.91018	9.22E-05
ATTTAAT	7	52	3031	39423	3.94E+06	0.00131903	0.000768841	0.000505484	0.00116924	3.90788	9.31E-05
AAGCTAA	7	17	674	39423	3.94E+06	0.00043122	0.000170966	7.17E-05	0.000407409	3.90343	9.48E-05
CTCATTT	7	59	3556	34838	3.48E+06	0.00169355	0.00102072	0.000692783	0.00150367	3.90056	9.60E-05
AACTTT	6	144	10413	38063	3.81E+06	0.0037832	0.00273573	0.00217964	0.0034332	3.88573	0.000102021
TGTGTTT	7	120	8424	36666	3.67E+06	0.00327279	0.0022975	0.00178471	0.00295719	3.87319	0.000107421
TAACCA	6	61	3720	38063	3.81E+06	0.00160261	0.000977327	0.000669012	0.00142753	3.87246	0.000107741
TGTGAT	6	99	6710	41506	4.15E+06	0.0023852	0.00161663	0.00121831	0.00214491	3.86903	0.00010927
AAATTA	6	131	9343	41506	4.15E+06	0.00315617	0.002251	0.0017709	0.00286088	3.86426	0.000111429
TTTAATA	7	56	3348	34838	3.48E+06	0.00160744	0.00096102	0.000644664	0.0014324	3.86175	0.000112579
GATTTT	6	171	12723	38063	3.81E+06	0.00449255	0.00334262	0.00272142	0.00410502	3.86111	0.000112873
TCCTTGA	7	24	1104	34838	3.48E+06	0.000688903	0.000316895	0.0001595	0.000629513	3.8594	0.000113665
CATTAAC	7	18	739	36666	3.67E+06	0.000490918	0.000201549	8.77E-05	0.000462868	3.85666	0.000114945
AGTAA	5	216	16610	51926	5.19E+06	0.00415977	0.00319878	0.00267179	0.00382932	3.85308	0.000116642
TGCTTG	6	91	6084	47084	4.71E+06	0.00193272	0.00129216	0.000960118	0.00173883	3.84056	0.000122752
TTGACT	6	92	6168	41506	4.15E+06	0.00221655	0.00148605	0.00110644	0.00199565	3.83501	0.000125559
AATTAAC	7	23	1048	34838	3.48E+06	0.000660199	0.000300821	0.000148797	0.000608072	3.82627	0.000130099
TTTTGTG	7	65	4052	34838	3.48E+06	0.00186578	0.0011631	0.000808784	0.00167237	3.81747	0.000134829
GCATGTT	7	22	988	34838	3.48E+06	0.000631494	0.000283598	0.000137473	0.000584956	3.81421	0.000136621
TGTGTCT	7	71	4519	36666	3.67E+06	0.0019364	0.00123248	0.000873556	0.00173861	3.81198	0.000137856
ATGTCAA	7	16	631	36666	3.67E+06	0.000436372	0.000172094	7.03E-05	0.000421454	3.80986	0.000139043
TGACAAG	7	15	575	34838	3.48E+06	0.000430564	0.00016505	6.48E-05	0.000420613	3.80848	0.000139821
TGTGTGT	7	108	7484	67762	6.78E+06	0.00159381	0.00110445	0.00084481	0.00144378	3.80783	0.000140192
ATTTGTT	7	75	4837	34838	3.48E+06	0.00215282	0.00138843	0.000995393	0.00193635	3.80229	0.000143364
TTAATTG	7	35	1851	34838	3.48E+06	0.00100465	0.000531316	0.000311407	0.000906381	3.7981	0.00014581
AATTG	5	267	21157	44500	4.45E+06	0.006	0.00475438	0.00405367	0.00557553	3.79605	0.000147019
CTTTAAA	7	44	2491	34838	3.48E+06	0.00126299	0.000715024	0.000450532	0.00113461	3.79292	0.000148887
GAAATG	6	86	5714	41506	4.15E+06	0.00207199	0.00137667	0.00101336	0.00186999	3.79213	0.000149362
GTTAAC	6	46	2638	38063	3.81E+06	0.00120852	0.000693062	0.000442334	0.00108575	3.78843	0.000151602
CTTGTT	6	160	11855	38063	3.81E+06	0.00420356	0.00311457	0.00251709	0.00385333	3.78741	0.000152226
TATTTAT	7	73	4689	43794	4.38E+06	0.0016669	0.00107069	0.000763622	0.00150106	3.7857	0.000153277
ATTCCA	6	58	3534	41506	4.15E+06	0.00139739	0.000851443	0.000577189	0.00125585	3.78249	0.000155267
TTTGG	5	363	29764	44500	4.45E+06	0.0081573	0.00668854	0.0058477	0.00764935	3.77828	0.000157913
CAGCTGC	7	25	1186	36666	3.67E+06	0.000681831	0.00032346	0.000166642	0.000627762	3.77654	0.000159021
TTTTGCT	7	72	4616	36666	3.67E+06	0.00196367	0.00125893	0.000895529	0.00176954	3.77636	0.000159135
GTGTT	5	427	35567	44500	4.45E+06	0.00959551	0.00799258	0.00706869	0.00903614	3.77488	0.000160085
GTTTAAT	7	33	1722	34838	3.48E+06	0.000947242	0.000494288	0.000284201	0.000859542	3.7677	0.000164756
GAAAATG	7	32	1654	36666	3.67E+06	0.000872743	0.000451099	0.000256536	0.000793107	3.76599	0.000165888
ATGCATG	7	18	754	43794	4.38E+06	0.000411015	0.00017217	7.55E-05	0.000392308	3.76496	0.000166572
TTCTGTC	7	61	3772	34838	3.48E+06	0.00175096	0.00108273	0.000743094	0.00157734	3.76227	0.000168376
AGCTGA	6	64	4006	41506	4.15E+06	0.00154195	0.000965162	0.000669749	0.00139069	3.75438	0.000173773
GGTTTAA	7	17	697	34838	3.48E+06	0.000487973	0.000200069	8.51E-05	0.000470298	3.75401	0.000174025
TAAACT	6	81	5342	41506	4.15E+06	0.00195153	0.00128704	0.000937567	0.00176655	3.74762	0.00017852
CTTTGAA	7	32	1660	34838	3.48E+06	0.000918537	0.000476491	0.000271247	0.000836908	3.74477	0.00018056
CTGAAT	6	83	5504	38063	3.81E+06	0.0021806	0.00144602	0.00105832	0.00197548	3.74338	0.000181563
ACTAATG	7	21	940	34838	3.48E+06	0.00060279	0.00026982	0.000128528	0.000566349	3.74245	0.000182237
CTTTGTC	7	48	2803	36666	3.67E+06	0.00130911	0.000764468	0.0004944	0.00118189	3.74151	0.000182919
TTTCCA	6	140	10204	38063	3.81E+06	0.00367811	0.00268082	0.00213096	0.00337207	3.73738	0.000185949
GCATGCC	7	13	475	34838	3.48E+06	0.000373156	0.000136345	4.91E-05	0.000378915	3.73486	0.000187821
TTACTGA	7	25	1196	34838	3.48E+06	0.000717607	0.000343303	0.00017734	0.000664481	3.73246	0.000189619
TCAATTA	7	18	760	34838	3.48E+06	0.000516677	0.000218153	9.60E-05	0.000495534	3.72899	0.000192247
AATTCCA	7	18	760	36666	3.67E+06	0.000490918	0.000207276	9.12E-05	0.000470833	3.72897	0.000192262
AAATC	5	228	17803	44500	4.45E+06	0.0051236	0.00400067	0.00336229	0.00475968	3.72883	0.000192372
CTGTCTT	7	74	4806	34838	3.48E+06	0.00212412	0.00137953	0.000987963	0.00192598	3.71588	0.000202499
AGGTGAA	7	14	532	36666	3.67E+06	0.000381825	0.000145094	5.50E-05	0.000382724	3.71497	0.000203227
TAATTCT	7	41	2305	36666	3.67E+06	0.0011182	0.000628648	0.000389059	0.00101563	3.70713	0.00020962
ATTTAG	6	59	3648	38063	3.81E+06	0.00155006	0.000958411	0.000653653	0.00140506	3.70055	0.00021513
GACTAAC	7	11	374	34838	3.48E+06	0.000315747	0.000107354	3.43E-05	0.000335666	3.70024	0.000215395
AATGC	5	198	15218	44500	4.45E+06	0.00444944	0.00341978	0.00283358	0.00412674	3.69671	0.000218412
TTTGACA	7	26	1271	34838	3.48E+06	0.000746311	0.000364832	0.0001921	0.00069277	3.69092	0.000223441
TTATCT	6	142	10415	41506	4.15E+06	0.00342119	0.00250928	0.00199922	0.00314905	3.68844	0.00022563
ATTTGT	6	173	13069	38063	3.81E+06	0.0045451	0.00343352	0.00280309	0.00420513	3.68312	0.0002304
TTGTGTT	7	80	5304	39423	3.94E+06	0.00202927	0.00134541	0.00097899	0.00184871	3.67673	0.000236247
CTGTTAA	7	23	1080	34838	3.48E+06	0.000660199	0.000310006	0.000154897	0.000620339	3.67401	0.000238775
GGTAAG	6	28	1408	41506	4.15E+06	0.000674601	0.000339228	0.000184247	0.000624492	3.67398	0.000238804
TTAAATG	7	41	2319	34838	3.48E+06	0.00117688	0.000665652	0.00041255	0.00107387	3.66736	0.000245067
TTGGC	5	202	15604	44500	4.45E+06	0.00453933	0.00350652	0.00291226	0.00422152	3.66213	0.000250125
GCTAAA	6	43	2468	38063	3.81E+06	0.00112971	0.000648399	0.000407687	0.00103109	3.65716	0.000255025
CTTAATG	7	23	1084	34838	3.48E+06	0.000660199	0.000311154	0.000155663	0.00062187	3.65534	0.000256839
TTCAAAG	7	18	773	34838	3.48E+06	0.000516677	0.000221884	9.83E-05	0.000500709	3.652	0.000260204
GTAAC	5	142	10447	44500	4.45E+06	0.00319101	0.00234764	0.00187106	0.00294525	3.65143	0.000260782
TTTAATG	7	47	2765	34838	3.48E+06	0.0013491	0.000793674	0.000511783	0.00123064	3.65045	0.000261777
TGGAAA	6	82	5481	38063	3.81E+06	0.00215432	0.00143998	0.00105321	0.0019685	3.64812	0.000264166
AAGAA	5	260	20725	65606	6.56E+06	0.00396305	0.00315901	0.00268869	0.00371129	3.64718	0.000265138
GTTTA	5	284	22873	44500	4.45E+06	0.00638202	0.00514	0.00440933	0.00599102	3.64141	0.000271145
TTTACA	6	92	6293	38063	3.81E+06	0.00241705	0.00165331	0.0012346	0.00221372	3.64104	0.000271538
TAATCTG	7	23	1088	34838	3.48E+06	0.000660199	0.000312303	0.000156429	0.0006234	3.63676	0.000276093
TCACTAA	7	18	776	34838	3.48E+06	0.000516677	0.000222745	9.88E-05	0.000501902	3.63445	0.000278574
ATAAA	5	357	29448	51926	5.19E+06	0.00687517	0.00567115	0.00495435	0.00649098	3.63172	0.000281542
TGTTTGG	7	31	1624	34838	3.48E+06	0.000889833	0.000466158	0.000263763	0.000823727	3.62902	0.000284498
GTTTGGA	7	17	717	34838	3.48E+06	0.000487973	0.00020581	8.85E-05	0.000478338	3.6287	0.000284855
CTTGT	5	421	35276	44500	4.45E+06	0.00946067	0.00792719	0.00700729	0.00896677	3.62622	0.000287595
TTGTGCA	7	18	779	34838	3.48E+06	0.000516677	0.000223606	9.94E-05	0.000503095	3.61698	0.000298064
GTAACC	6	37	2049	38063	3.81E+06	0.000972073	0.000538318	0.00032379	0.000894856	3.61583	0.000299389
ATTAACA	7	25	1224	36666	3.67E+06	0.000681831	0.000333824	0.000173713	0.000641415	3.61113	0.00030487
TTTGACT	7	35	1909	36666	3.67E+06	0.000954563	0.000520646	0.000307601	0.000881115	3.60941	0.000306896
TTGACA	6	62	3924	38063	3.81E+06	0.00162888	0.00103092	0.000712705	0.00149101	3.60686	0.000309929
AAATGT	6	150	11178	38063	3.81E+06	0.00394083	0.00293671	0.00235833	0.00365642	3.59629	0.000322786
TGGCTTG	7	23	1097	39423	3.94E+06	0.000583416	0.000278264	0.00013976	0.00055395	3.59516	0.000324198
TTATTA	6	134	9826	57079	5.71E+06	0.00234762	0.00172147	0.00136232	0.00217511	3.58427	0.000338026
AAAGCA	6	65	4169	41506	4.15E+06	0.00156604	0.00100443	0.000701997	0.00143698	3.58415	0.000338177
GAGCTGA	7	20	909	39423	3.94E+06	0.000507318	0.000230576	0.000108525	0.000489822	3.57987	0.000343762
TCTCTT	6	365	30263	41506	4.15E+06	0.00879391	0.00729124	0.00638194	0.008329	3.57692	0.000347672
GTAAA	5	203	15788	44500	4.45E+06	0.0045618	0.00354787	0.0029498	0.00426667	3.57442	0.000351009
TTGACTG	7	22	1037	34838	3.48E+06	0.000631494	0.000297663	0.000146709	0.000603846	3.57435	0.000351099
TAATGG	6	54	3325	38063	3.81E+06	0.0014187	0.000873552	0.000585186	0.00130383	3.57121	0.000355341
TGAAAAC	7	24	1168	34838	3.48E+06	0.000688903	0.000335266	0.000171878	0.000653871	3.569	0.000358351
TAAAGC	6	46	2725	38063	3.81E+06	0.00120852	0.000715918	0.000460184	0.00111361	3.56319	0.000366368
AATTAAA	7	41	2358	39423	3.94E+06	0.00104	0.000598128	0.000372145	0.000961205	3.55766	0.00037418
GTCTGAG	7	16	669	36666	3.67E+06	0.000436372	0.000182458	7.63E-05	0.000436116	3.5575	0.000374405
TTTACAT	7	40	2286	36666	3.67E+06	0.00109093	0.000623466	0.000385099	0.00100923	3.55502	0.000377946
TTTCAT	6	207	16163	41506	4.15E+06	0.00498723	0.00389414	0.00324475	0.00467288	3.55299	0.000380878
TGACCTG	7	31	1647	39423	3.94E+06	0.000786343	0.000417776	0.000237307	0.00073539	3.54782	0.000388439
GCTTGC	6	47	2807	47084	4.71E+06	0.000998216	0.000596169	0.000385665	0.000921463	3.54449	0.000393371
ATTGC	5	179	13727	44500	4.45E+06	0.00402247	0.00308472	0.00253065	0.00375963	3.54422	0.000393783
ATAA	4	1058	94911	79474	7.95E+06	0.0133125	0.0119424	0.0110786	0.0128726	3.53618	0.000405958
TGACTCA	7	21	981	34838	3.48E+06	0.00060279	0.000281589	0.000136162	0.000582249	3.53556	0.000406914
TTCCTGT	7	55	3419	36666	3.67E+06	0.00150003	0.000932471	0.00062809	0.00138416	3.53233	0.000411919
GTTTTGT	7	72	4749	39423	3.94E+06	0.00182635	0.00120463	0.000860982	0.0016852	3.53214	0.000412212
TTAAAGG	7	17	733	34838	3.48E+06	0.000487973	0.000210402	9.13E-05	0.00048475	3.53136	0.000413427
AAATGAC	7	22	1047	34838	3.48E+06	0.000631494	0.000300534	0.000148607	0.000607688	3.52701	0.000420284
CTGTCA	6	73	4833	38063	3.81E+06	0.00191787	0.00126974	0.000910165	0.00177111	3.52438	0.000424476
TGACCTT	7	34	1865	36666	3.67E+06	0.00092729	0.000508646	0.000298704	0.000866015	3.52336	0.000426109
AACCTCT	7	23	1113	34838	3.48E+06	0.000660199	0.000319479	0.000161231	0.000632948	3.52234	0.00042775
ATCTGGA	7	14	558	36666	3.67E+06	0.000381825	0.000152185	5.89E-05	0.000392976	3.52085	0.000430165
ATTGATG	7	21	984	34838	3.48E+06	0.00060279	0.00028245	0.000136723	0.00058341	3.52081	0.000430223
TTCTGGT	7	30	1586	36666	3.67E+06	0.000818197	0.000432553	0.000243138	0.000769419	3.51822	0.000434445
ATTGTTT	7	69	4526	34838	3.48E+06	0.0019806	0.00129916	0.000921067	0.00183216	3.50446	0.000457526
TTGACCT	7	24	1184	36666	3.67E+06	0.000654557	0.000322915	0.000166271	0.000627042	3.49922	0.000466626
TCAATGC	7	11	395	34838	3.48E+06	0.000315747	0.000113382	3.73E-05	0.000344768	3.49906	0.000466905
TAATAAA	7	37	2088	34838	3.48E+06	0.00106206	0.000599346	0.000362188	0.000991637	3.49798	0.000468804
TTTCATT	7	95	6634	39423	3.94E+06	0.00240976	0.00168277	0.00126613	0.00223621	3.49678	0.000470911
ATTAATT	7	48	2903	43794	4.38E+06	0.00109604	0.000662876	0.000431901	0.00101725	3.49323	0.000477209
TTAACTC	7	23	1120	34838	3.48E+06	0.000660199	0.000321488	0.00016258	0.000635617	3.49084	0.000481512
TGATTAA	7	25	1253	34838	3.48E+06	0.000717607	0.000359665	0.000188541	0.000685997	3.48883	0.000485138
GAATTC	6	51	3133	38063	3.81E+06	0.00133988	0.000823109	0.000544853	0.00124329	3.48737	0.0004878
TAAAC	5	198	15455	44500	4.45E+06	0.00444944	0.00347303	0.00288187	0.00418495	3.47895	0.000503377
AATTTTC	7	51	3137	34838	3.48E+06	0.00146392	0.000900454	0.000596212	0.00135974	3.47823	0.000504741
TTTAC	5	330	27243	44500	4.45E+06	0.00741573	0.00612202	0.00531982	0.00704434	3.47769	0.00050576
GTTTGCT	7	34	1880	34838	3.48E+06	0.000975946	0.000539641	0.000317567	0.000916867	3.47529	0.000510306
TTTCTTG	7	76	5105	34838	3.48E+06	0.00218153	0.00146535	0.00105981	0.00202576	3.46884	0.000522719
AATTTG	6	106	7566	38063	3.81E+06	0.00278486	0.00198776	0.0015228	0.00259431	3.46733	0.000525658
TCTCAT	6	129	9502	41506	4.15E+06	0.00310798	0.00228931	0.00180466	0.00290373	3.46647	0.000527345
CCTTGA	6	62	3994	38063	3.81E+06	0.00162888	0.00104931	0.000727756	0.00151273	3.46566	0.000528935
TAATGTG	7	27	1394	34838	3.48E+06	0.000775016	0.000400138	0.000216688	0.000738784	3.46524	0.00052975
GCTTAA	6	43	2541	38063	3.81E+06	0.00112971	0.000667577	0.000422526	0.0010546	3.46151	0.000537154
CTAAAT	6	75	5029	38063	3.81E+06	0.00197042	0.00132123	0.000953254	0.00183099	3.46103	0.000538104
AATTAT	6	128	9423	38063	3.81E+06	0.00336285	0.00247563	0.00194964	0.00314308	3.45977	0.000540644
TCTGGTT	7	34	1885	36666	3.67E+06	0.00092729	0.0005141	0.000302744	0.000872883	3.4593	0.00054159
GTTTTGC	7	29	1534	34838	3.48E+06	0.000832424	0.000440324	0.000245186	0.000790646	3.45595	0.000548353
TTCTC	5	856	76103	44500	4.45E+06	0.019236	0.0171018	0.0157296	0.0185914	3.45308	0.000554217
TGTTTGA	7	33	1816	34838	3.48E+06	0.000947242	0.00052127	0.000303993	0.000893705	3.45207	0.000556304
ATGCTAA	7	20	935	36666	3.67E+06	0.000545464	0.000255005	0.00012124	0.000536272	3.4467	0.000567471
TTTACTG	7	29	1538	34838	3.48E+06	0.000832424	0.000441472	0.000246007	0.00079212	3.44143	0.000578641
GCTTAAT	7	17	749	34838	3.48E+06	0.000487973	0.000214995	9.41E-05	0.000491146	3.43648	0.000589333
AAATAAC	7	29	1540	34838	3.48E+06	0.000832424	0.000442046	0.000246418	0.000792857	3.43419	0.000594328
TAAATCA	7	22	1067	34838	3.48E+06	0.000631494	0.000306275	0.000152414	0.000615361	3.43386	0.000595041
ATTTATT	7	88	6101	43794	4.38E+06	0.00200941	0.00139311	0.00103557	0.00187388	3.43318	0.000596544
CTGCTTT	7	63	4090	34838	3.48E+06	0.00180837	0.00117401	0.000817737	0.00168523	3.43137	0.000600537
TTCTCA	6	138	10301	38063	3.81E+06	0.00362557	0.0027063	0.00215355	0.00340045	3.4293	0.00060515
GAATTA	6	61	3934	38063	3.81E+06	0.00160261	0.00103355	0.000714854	0.00149411	3.42867	0.000606544
CATGCTG	7	23	1134	34838	3.48E+06	0.000660199	0.000325507	0.000165283	0.00064095	3.42849	0.000606942
ATTATTT	7	87	6024	34838	3.48E+06	0.00249727	0.00172915	0.001283	0.00233008	3.42616	0.000612183
GGTCTTG	7	17	751	36666	3.67E+06	0.000463645	0.000204822	8.97E-05	0.000467423	3.42476	0.000615334
CTGATTT	7	50	3086	34838	3.48E+06	0.00143521	0.000885814	0.000584559	0.00134212	3.41938	0.000627637
GCTTTGT	7	37	2115	34838	3.48E+06	0.00106206	0.000607096	0.000368033	0.00100129	3.41776	0.000631398
GGTAA	5	125	9203	44500	4.45E+06	0.00280899	0.00206809	0.00162403	0.00263325	3.41724	0.000632589
ATGTCA	6	61	3940	41506	4.15E+06	0.00146967	0.00094926	0.000656731	0.00137191	3.41646	0.000634401
CAATTA	6	46	2784	38063	3.81E+06	0.00120852	0.000731419	0.000472333	0.00113246	3.41494	0.000637971
GTTGGTT	7	21	1006	43794	4.38E+06	0.000479518	0.000229712	0.000112048	0.00047088	3.41415	0.000639815
TGACTT	6	122	8953	41506	4.15E+06	0.00293933	0.00215704	0.00168826	0.00275563	3.41216	0.0006445
TAATTTC	7	41	2412	34838	3.48E+06	0.00117688	0.000692347	0.000433039	0.00110676	3.40938	0.000651113
TCTTTT	6	541	46735	41506	4.15E+06	0.0130343	0.0112598	0.0101171	0.01253	3.40655	0.000657888
TAACCTG	7	21	1008	34838	3.48E+06	0.00060279	0.000289339	0.00014123	0.000592679	3.4047	0.000662375
TCTGTCT	7	85	5874	43794	4.38E+06	0.00194091	0.00134128	0.000991429	0.00181436	3.40409	0.000663854
CATTCA	6	63	4104	47084	4.71E+06	0.00133803	0.000871634	0.000607472	0.00125052	3.40338	0.000665567
TTGAAAC	7	19	880	34838	3.48E+06	0.000545381	0.000252598	0.000117501	0.000542936	3.40233	0.000668151
ATTCA	5	242	19443	51926	5.19E+06	0.00466048	0.00374437	0.00317045	0.00442172	3.39689	0.000681553
TTCTGG	6	94	6621	38063	3.81E+06	0.00246959	0.00173948	0.00130845	0.00231219	3.39426	0.000688142
AAACT	5	274	22320	44500	4.45E+06	0.0061573	0.00501573	0.00429459	0.00585725	3.38814	0.00070368
CTTCTTG	7	40	2346	34838	3.48E+06	0.00114817	0.000673403	0.000418486	0.00108343	3.38725	0.000705964
AAATCA	6	74	4991	41506	4.15E+06	0.00178287	0.00120248	0.000866496	0.00166852	3.38696	0.000706726
CTCTGA	6	112	8131	38063	3.81E+06	0.00294249	0.0021362	0.00165195	0.00276199	3.38392	0.000714583
TAACTCT	7	29	1554	36666	3.67E+06	0.000790923	0.000423826	0.000236868	0.000758237	3.38374	0.000715048
ACTGAC	6	65	4275	47084	4.71E+06	0.00138051	0.000907952	0.000637372	0.00129325	3.37896	0.000727598
GGATTT	6	76	5158	38063	3.81E+06	0.00199669	0.00135512	0.0009817	0.00187032	3.37773	0.000730874
TTTATGT	7	58	3724	36666	3.67E+06	0.00158185	0.00101565	0.000695392	0.0014832	3.37745	0.000731622
TGATTTC	7	40	2350	34838	3.48E+06	0.00114817	0.000674551	0.000419367	0.00108485	3.37623	0.000734854
CAATTAA	7	17	760	34838	3.48E+06	0.000487973	0.000218153	9.60E-05	0.000495534	3.3726	0.000744611
AATTTC	6	110	7975	38063	3.81E+06	0.00288995	0.00209521	0.00161622	0.00271576	3.36777	0.000757786
ACAGCTG	7	20	952	34838	3.48E+06	0.000574086	0.000273265	0.000130754	0.000571011	3.36193	0.000774009
ACTAACA	7	17	762	36666	3.67E+06	0.000463645	0.000207822	9.16E-05	0.00047159	3.36109	0.000776363
TTGAAT	6	101	7226	41506	4.15E+06	0.00243338	0.00174095	0.0013255	0.00228632	3.3605	0.000778023
TTGCTTG	7	28	1491	43794	4.38E+06	0.000639357	0.000340458	0.000188036	0.000616356	3.3592	0.000781696
CTTGTCT	7	51	3189	39423	3.94E+06	0.00129366	0.000808919	0.000537384	0.00121749	3.35865	0.000783238
GTTTGC	6	68	4528	38063	3.81E+06	0.00178651	0.00118961	0.000843452	0.00167759	3.35334	0.000798415
TGCATT	6	105	7567	41506	4.15E+06	0.00252975	0.00182311	0.00139667	0.00237945	3.35163	0.000803385
TGCTTGC	7	22	1085	43794	4.38E+06	0.000502352	0.000247751	0.00012398	0.000495021	3.35162	0.000803388
TCTGTC	6	181	14101	47084	4.71E+06	0.00384419	0.00299486	0.0024634	0.00364056	3.35127	0.000804405
TGGCTTC	7	31	1705	34838	3.48E+06	0.000889833	0.000489408	0.000280641	0.000853344	3.34893	0.000811233
TGTGAC	6	71	4772	38063	3.81E+06	0.00186533	0.00125371	0.000896789	0.00175244	3.34734	0.000815919
TTGTGTC	7	36	2067	34838	3.48E+06	0.00103335	0.000593318	0.00035765	0.000984121	3.34389	0.000826117
ACATCTG	7	20	956	34838	3.48E+06	0.000574086	0.000274413	0.000131498	0.000572563	3.34223	0.000831093
TTGTTCT	7	65	4295	36666	3.67E+06	0.00177276	0.00117138	0.000822997	0.00166701	3.34134	0.000833739
CTTTTGT	7	71	4777	34838	3.48E+06	0.002038	0.0013712	0.000981017	0.00191629	3.33862	0.000841949
CTTGCTT	7	44	2666	43794	4.38E+06	0.0010047	0.000608759	0.00038943	0.000951499	3.33194	0.00086242
TTGCTAA	7	24	1224	34838	3.48E+06	0.000688903	0.00035134	0.000182829	0.000675064	3.32948	0.000870068
CTGTCT	6	208	16505	47084	4.71E+06	0.00441764	0.00350544	0.00292632	0.00419867	3.32813	0.000874306
TGCTTTA	7	32	1783	34838	3.48E+06	0.000918537	0.000511797	0.000297024	0.000881732	3.32693	0.000878086
GCTAAC	6	38	2220	38063	3.81E+06	0.000998345	0.000583244	0.00035775	0.000950734	3.326	0.000881008
GCTTTG	6	95	6753	41506	4.15E+06	0.00228883	0.00162699	0.00122722	0.00215671	3.32225	0.000892959
ATTTCC	6	115	8433	38063	3.81E+06	0.00302131	0.00221554	0.00172126	0.00285135	3.32097	0.000897053
TAGAATT	7	22	1092	36666	3.67E+06	0.000600011	0.000297824	0.000149358	0.000593779	3.32019	0.000899573
TTGATG	6	77	5275	38063	3.81E+06	0.00202296	0.00138586	0.00100756	0.00190593	3.31708	0.000909629
TGAAG	5	203	16079	44500	4.45E+06	0.0045618	0.00361326	0.00300922	0.00433802	3.31398	0.000919789
GCATGA	6	40	2375	38063	3.81E+06	0.00105089	0.000623966	0.000388871	0.00100104	3.30774	0.000940524
TTCAGC	6	47	2904	38063	3.81E+06	0.00123479	0.000762946	0.000497145	0.00117069	3.30741	0.000941618
TTAATA	6	122	9039	38063	3.81E+06	0.00320521	0.00237475	0.00186085	0.00303013	3.30652	0.000944627
TAACTC	6	59	3844	38063	3.81E+06	0.00155006	0.0010099	0.00069554	0.00146614	3.29264	0.000992511
ATTAACT	7	26	1371	34838	3.48E+06	0.000746311	0.000393536	0.000212056	0.000730213	3.28882	0.00100609
AGAAATG	7	28	1511	34838	3.48E+06	0.00080372	0.000433722	0.000240469	0.00078216	3.28646	0.00101454
TAGATT	6	50	3144	41506	4.15E+06	0.00120465	0.000757481	0.000501764	0.00114337	3.28531	0.00101871
TTTTAGA	7	26	1373	34838	3.48E+06	0.000746311	0.00039411	0.000212458	0.000730959	3.28112	0.00103396
AATAAC	6	66	4408	38063	3.81E+06	0.00173397	0.00115808	0.000817325	0.00164067	3.27903	0.00104164
AGATTAA	7	18	840	36666	3.67E+06	0.000490918	0.000229095	0.000104756	0.000500945	3.27777	0.00104632
TGCCA	5	228	18343	44500	4.45E+06	0.0051236	0.00412202	0.00347323	0.00489141	3.27736	0.00104783
ATGCT	5	263	21481	44500	4.45E+06	0.00591011	0.00482719	0.00412073	0.00565407	3.27597	0.00105299
AAAATG	6	133	10014	38063	3.81E+06	0.00349421	0.0026309	0.00208677	0.00331645	3.26642	0.00108915
TAATCTT	7	36	2094	36666	3.67E+06	0.000981836	0.000571101	0.000345363	0.000944249	3.26407	0.00109822
CCTCTAA	7	18	844	34838	3.48E+06	0.000516677	0.000242264	0.000110974	0.0005288	3.25655	0.00112776
GTTTAC	6	51	3235	38063	3.81E+06	0.00133988	0.000849907	0.000566244	0.00127549	3.25485	0.00113453
GTTCTGA	7	22	1107	34838	3.48E+06	0.000631494	0.000317756	0.000160076	0.000630658	3.25344	0.00114017
CTAACCC	7	17	782	36666	3.67E+06	0.000463645	0.000213277	9.49E-05	0.00047915	3.248	0.00116219
AAAGC	5	168	13070	44500	4.45E+06	0.00377528	0.00293708	0.00239773	0.00359732	3.24667	0.00116764
TTCTTGT	7	60	3947	36666	3.67E+06	0.00163639	0.00107647	0.000744994	0.00155521	3.245	0.00117452
AGAATT	6	74	5075	38063	3.81E+06	0.00194415	0.00133332	0.00096339	0.00184503	3.2423	0.00118571
CTGACAG	7	22	1110	34838	3.48E+06	0.000631494	0.000318618	0.000160654	0.000631803	3.24021	0.00119442
TCTTTC	6	310	25798	47084	4.71E+06	0.00658398	0.00547914	0.00474258	0.00632938	3.22834	0.00124512
AGCTGAC	7	18	851	34838	3.48E+06	0.000516677	0.000244273	0.000112237	0.000531554	3.21966	0.00128343
GTTTGG	6	61	4041	41506	4.15E+06	0.00146967	0.000973594	0.000676662	0.00140064	3.21641	0.00129806
ATGTAAA	7	26	1390	36666	3.67E+06	0.000709104	0.000379098	0.000205118	0.000700544	3.21615	0.00129921
TTCTTTG	7	78	5419	34838	3.48E+06	0.00223893	0.00155549	0.0011357	0.00213011	3.21393	0.00130933
AATGACA	7	20	983	36666	3.67E+06	0.000545464	0.000268096	0.000129729	0.000553962	3.21166	0.00131971
TGTG	4	1674	154813	106439	1.06E+07	0.0157273	0.0145448	0.0137154	0.0154235	3.20529	0.00134927
TTGG	4	977	88201	59355	5.94E+06	0.0164603	0.0148599	0.013748	0.0160603	3.20482	0.00135147
ATTAATC	7	18	854	34838	3.48E+06	0.000516677	0.000245135	0.00011278	0.000532734	3.20396	0.00135553
TGCTGCA	7	18	854	34838	3.48E+06	0.000516677	0.000245135	0.00011278	0.000532734	3.20396	0.00135553
TATT	4	2109	196794	79474	7.95E+06	0.026537	0.0247621	0.0235117	0.0260771	3.20281	0.00136091
TGCTGAT	7	25	1324	36666	3.67E+06	0.000681831	0.000361097	0.000192536	0.00067713	3.20244	0.00136271
TGTTGGT	7	24	1255	36666	3.67E+06	0.000654557	0.000342279	0.000179516	0.000652519	3.20218	0.00136394
TGCTTA	6	74	5100	38063	3.81E+06	0.00194415	0.00133988	0.000968902	0.00185265	3.19968	0.00137578
TTGTTC	6	136	10331	38063	3.81E+06	0.00357302	0.00271418	0.00216054	0.00340922	3.1996	0.00137618
CTTGATT	7	30	1678	34838	3.48E+06	0.000861129	0.000481658	0.000274999	0.000843488	3.19958	0.00137628
ATTTACA	7	25	1326	36666	3.67E+06	0.000681831	0.000361643	0.000192916	0.000677841	3.19462	0.00140013
TGAATAA	7	27	1466	34838	3.48E+06	0.000775016	0.000420805	0.00023128	0.00076552	3.19431	0.00140164
AGAATAA	7	23	1189	36666	3.67E+06	0.000627284	0.000324279	0.000167198	0.000628841	3.19179	0.00141396
CTGTTTG	7	42	2570	34838	3.48E+06	0.00120558	0.0007377	0.000468102	0.00116239	3.19053	0.00142014
GCTGACT	7	24	1260	34838	3.48E+06	0.000688903	0.000361674	0.000189924	0.000688632	3.18201	0.00146257
AATTACA	7	21	1056	36666	3.67E+06	0.000572738	0.000288005	0.000142824	0.00058068	3.18167	0.00146426
TGTTGG	6	68	4627	38063	3.81E+06	0.00178651	0.00121562	0.00086506	0.00170799	3.17327	0.00150731
AGTAAT	6	67	4547	38063	3.81E+06	0.00176024	0.0011946	0.000847595	0.00168342	3.17151	0.00151649
TTATTTC	7	77	5364	34838	3.48E+06	0.00221023	0.0015397	0.00112237	0.00211186	3.16935	0.00152783
TGCATTT	7	52	3352	36666	3.67E+06	0.00141821	0.000914198	0.000613397	0.00136231	3.16889	0.00153023
AATGATT	7	33	1906	34838	3.48E+06	0.000947242	0.000547104	0.000323103	0.000926255	3.1666	0.00154231
GGTTTTC	7	32	1833	34838	3.48E+06	0.000918537	0.00052615	0.000307591	0.000899865	3.16624	0.00154422
TTGTGA	6	80	5614	38063	3.81E+06	0.00210178	0.00147492	0.00108277	0.00200882	3.16434	0.00155433
TAAATT	6	143	10980	41506	4.15E+06	0.00344529	0.0026454	0.00212018	0.00330031	3.15213	0.00162084
TTTGTAA	7	41	2509	34838	3.48E+06	0.00117688	0.000720191	0.000454528	0.00114095	3.15179	0.00162272
AATTGCT	7	23	1199	34838	3.48E+06	0.000660199	0.000344164	0.000177927	0.000665616	3.15012	0.00163203
ATTGCAT	7	20	997	39423	3.94E+06	0.000507318	0.000252898	0.000122976	0.00052001	3.14555	0.00165778
TCTTCT	6	279	23103	57079	5.71E+06	0.00488796	0.00404755	0.00347458	0.00471456	3.14349	0.00166949
TCTAAAT	7	28	1552	36666	3.67E+06	0.00076365	0.00042328	0.000236477	0.000757537	3.14035	0.00168743
ATGCTG	6	72	4973	38063	3.81E+06	0.0018916	0.00130652	0.000940926	0.0018139	3.13744	0.00170433
AACTTTT	7	58	3842	34838	3.48E+06	0.00166485	0.00110282	0.000759468	0.00160115	3.13705	0.00170658
TCCTGAA	7	21	1066	34838	3.48E+06	0.00060279	0.000305988	0.000152223	0.000614977	3.1367	0.00170861
AATCATT	7	29	1626	34838	3.48E+06	0.000832424	0.000466732	0.000264178	0.000824461	3.13237	0.00173403
CTTGTC	6	103	7566	41506	4.15E+06	0.00248157	0.00182287	0.00139646	0.00237918	3.12483	0.00177906
GGTTTG	6	61	4092	41506	4.15E+06	0.00146967	0.000985882	0.000686746	0.00141513	3.11744	0.0018243
ATTTAAA	7	52	3379	36666	3.67E+06	0.00141821	0.000921562	0.000619314	0.00137112	3.11029	0.00186904
TTTAACA	7	33	1925	34838	3.48E+06	0.000947242	0.000552558	0.000327157	0.000933107	3.10826	0.00188193
AGTAAC	6	46	2913	38063	3.81E+06	0.00120852	0.00076531	0.000499011	0.00117355	3.10249	0.00191903
GACTGA	6	51	3305	47084	4.71E+06	0.00108317	0.000701937	0.000469651	0.00104899	3.09961	0.00193777
ATTCTAA	7	27	1493	36666	3.67E+06	0.000736377	0.000407189	0.000224981	0.000736855	3.09653	0.00195803
AAAATAA	7	60	4023	39423	3.94E+06	0.00152195	0.00102047	0.000708675	0.00146924	3.09556	0.00196439
TTGGT	5	293	24443	51926	5.19E+06	0.00564265	0.00470728	0.00405824	0.00545954	3.09549	0.00196485
TTAAAAT	7	73	5083	36666	3.67E+06	0.00199095	0.0013863	0.00100193	0.00191783	3.08967	0.00200381
TCTTGA	6	80	5663	38063	3.81E+06	0.00210178	0.0014878	0.00109368	0.00202366	3.08613	0.00202781
GTAAT	5	211	17055	44500	4.45E+06	0.00474157	0.00383258	0.00320889	0.00457695	3.08431	0.00204023
CTGTAA	6	60	4029	38063	3.81E+06	0.00157633	0.00105851	0.000735292	0.00152359	3.08396	0.00204263
TGGAT	5	195	15632	51926	5.19E+06	0.00375534	0.00301044	0.00250057	0.00362389	3.07924	0.0020753
GTTTGAA	7	21	1079	34838	3.48E+06	0.00060279	0.000309719	0.000154706	0.000619957	3.07891	0.00207758
TGCTTTC	7	55	3632	34838	3.48E+06	0.00157874	0.00104254	0.000710447	0.00152963	3.078	0.00208398
TGTTTGT	7	80	5668	43794	4.38E+06	0.00182673	0.00129424	0.000951501	0.00176022	3.07789	0.00208475
CAGCTG	6	77	5420	38063	3.81E+06	0.00202296	0.00142396	0.00103968	0.00194999	3.07739	0.00208821
TTAGA	5	168	13242	44500	4.45E+06	0.00377528	0.00297573	0.00243249	0.00363985	3.07709	0.00209031
ATTTGC	6	80	5670	38063	3.81E+06	0.00210178	0.00148964	0.00109523	0.00202578	3.07501	0.00210493
GGTAAC	6	30	1717	38063	3.81E+06	0.000788167	0.000451094	0.000259161	0.000785062	3.07029	0.00213854
TCTTTCA	7	44	2777	34838	3.48E+06	0.00126299	0.000797118	0.000514485	0.00123482	3.05697	0.00223587
TTAGCA	6	38	2317	38063	3.81E+06	0.000998345	0.000608728	0.00037719	0.000982254	3.05688	0.00223652
TAAACTT	7	31	1795	36666	3.67E+06	0.00084547	0.000489554	0.00028462	0.000841922	3.05469	0.00225293
TTTTCAA	7	49	3171	34838	3.48E+06	0.00140651	0.000910213	0.000603993	0.00137147	3.04836	0.00230096
TGCAAT	6	44	2781	41506	4.15E+06	0.00106009	0.000670024	0.000432581	0.00103766	3.04708	0.00231075
TGGCT	5	314	26430	51926	5.19E+06	0.00604707	0.00508994	0.00441323	0.00586979	3.04687	0.00231241
TGTTC	5	423	36480	44500	4.45E+06	0.00950562	0.00819775	0.00726143	0.00925368	3.04216	0.00234885
AGGTAA	6	38	2325	41506	4.15E+06	0.00091553	0.00056016	0.000347374	0.000903171	3.03517	0.00240403
CAGATG	6	51	3335	38063	3.81E+06	0.00133988	0.000876179	0.000587295	0.00130698	3.03454	0.00240904
TTTCTGG	7	36	2174	34838	3.48E+06	0.00103335	0.000624031	0.000380845	0.00102234	3.03431	0.00241087
GACAGC	6	38	2326	38063	3.81E+06	0.000998345	0.000611092	0.000379	0.000985173	3.03255	0.00242501
AAAATA	6	164	12944	41506	4.15E+06	0.00395124	0.00311859	0.00254344	0.00382329	3.02333	0.00250009
TTCTCAT	7	52	3422	36666	3.67E+06	0.00141821	0.00093329	0.000628749	0.00138513	3.01801	0.00254441
TATTTTG	7	67	4633	34838	3.48E+06	0.00192319	0.00132987	0.000946584	0.00186806	3.01705	0.00255252
TTCCAG	6	54	3582	38063	3.81E+06	0.0014187	0.000941071	0.000639604	0.00138443	3.01639	0.00255804
TAAATGA	7	29	1663	34838	3.48E+06	0.000832424	0.000477352	0.000271872	0.000838005	3.00797	0.00262996
GTTTGT	6	136	10503	47084	4.71E+06	0.00288845	0.00223069	0.00177891	0.00279689	3.00592	0.0026478
TCTCTTT	7	145	11295	36666	3.67E+06	0.00395462	0.00308051	0.00247665	0.00383104	3.00114	0.00268967
TTTCTA	6	157	12352	38063	3.81E+06	0.00412474	0.00324515	0.00263398	0.00399755	2.99835	0.00271449
TTGCTGA	7	25	1378	34838	3.48E+06	0.000717607	0.000395545	0.000213464	0.000732824	2.99606	0.00273492
CTGTTG	6	96	7069	38063	3.81E+06	0.00252213	0.00185718	0.00140979	0.00244622	2.99288	0.00276359
GGTTAA	6	35	2114	38063	3.81E+06	0.000919528	0.000555395	0.00033665	0.000916145	2.99066	0.00278379
TGCAA	5	150	11745	44500	4.45E+06	0.00337079	0.00263933	0.00213081	0.0032688	2.98844	0.00280408
TCATTTC	7	49	3201	39423	3.94E+06	0.00124293	0.000811963	0.000539815	0.00122115	2.98146	0.00286877
AAGAAA	6	102	7588	47084	4.71E+06	0.00216634	0.00161159	0.00123505	0.00210269	2.981	0.00287312
TGTAATT	7	40	2500	36666	3.67E+06	0.00109093	0.000681831	0.000429966	0.00108107	2.97731	0.00290794
AGAAGA	6	52	3441	57079	5.71E+06	0.000911018	0.000602849	0.000406554	0.000893834	2.97713	0.00290958
TAATGAT	7	26	1455	36666	3.67E+06	0.000709104	0.000396825	0.000217622	0.00072349	2.97588	0.00292153
TGTCAC	6	62	4249	38063	3.81E+06	0.00162888	0.00111631	0.000782817	0.00159164	2.97312	0.00294793
TTTTGAC	7	26	1456	34838	3.48E+06	0.000746311	0.000417934	0.000229245	0.000761815	2.97231	0.00295573
TTCAAC	6	42	2657	38063	3.81E+06	0.00110343	0.000698053	0.000446226	0.00109184	2.9711	0.00296737
AATTAAT	7	39	2427	43794	4.38E+06	0.000890533	0.000554186	0.000347111	0.000884684	2.96707	0.00300656
TTTTAAG	7	33	1972	34838	3.48E+06	0.000947242	0.000566049	0.000337212	0.00095003	2.96664	0.00301075
ACTGAA	6	66	4583	41506	4.15E+06	0.00159013	0.00110418	0.00078448	0.00155396	2.95983	0.00307807
TTTCTTC	7	131	10115	34838	3.48E+06	0.00376026	0.00290344	0.00230566	0.00365564	2.95325	0.00314446
TTTCC	5	799	72010	44500	4.45E+06	0.0179551	0.016182	0.0148482	0.0176335	2.94802	0.00319813
ATCTAA	6	53	3535	41506	4.15E+06	0.00127692	0.000851684	0.000577384	0.00125613	2.94784	0.00319999
TGCTGC	6	82	5922	57079	5.71E+06	0.00143661	0.00103751	0.000767801	0.00140183	2.94144	0.00326693
GAAATC	6	45	2904	38063	3.81E+06	0.00118225	0.000762946	0.000497145	0.00117069	2.9401	0.00328106
TCTAAAA	7	29	1684	34838	3.48E+06	0.000832424	0.00048338	0.000276251	0.000845679	2.93874	0.00329553
TTTTTCT	7	255	21211	36666	3.67E+06	0.00695467	0.00578492	0.00493368	0.00678204	2.93591	0.0033257
AATGT	5	381	32777	44500	4.45E+06	0.0085618	0.00736562	0.00648072	0.00837033	2.93407	0.0033455
ACTGAT	6	66	4598	38063	3.81E+06	0.00173397	0.001208	0.000858725	0.00169909	2.93325	0.00335439
TTTTCA	6	209	17057	38063	3.81E+06	0.0054909	0.00448125	0.00375222	0.00535118	2.93124	0.00337607
ATGAAAA	7	31	1835	36666	3.67E+06	0.00084547	0.000500464	0.000292657	0.0008557	2.92917	0.00339872
GGCTTT	6	84	6101	38063	3.81E+06	0.00220687	0.00160287	0.00119152	0.00215593	2.92563	0.00343764
TGTCCTT	7	52	3466	36666	3.67E+06	0.00141821	0.00094529	0.000638418	0.00139946	2.92488	0.00344593
ATTTATA	7	38	2369	36666	3.67E+06	0.00103638	0.000646103	0.000402433	0.00103716	2.91771	0.00352607
CCTAA	5	173	13851	44500	4.45E+06	0.00388764	0.00311258	0.00255578	0.00379023	2.917	0.0035342
TTGGTTT	7	58	3956	39423	3.94E+06	0.00147122	0.00100348	0.000694755	0.00144918	2.912	0.00359124
TTCCTTT	7	127	9803	39423	3.94E+06	0.00322147	0.00248662	0.00196743	0.00314238	2.91082	0.00360476
GTTGC	5	141	11038	44500	4.45E+06	0.00316854	0.00248045	0.0019891	0.0030928	2.89964	0.00373588
GACTCA	6	42	2687	38063	3.81E+06	0.00110343	0.000705935	0.000452378	0.00110145	2.89729	0.00376406
CTGAAG	6	58	3968	38063	3.81E+06	0.00152379	0.00104248	0.000722162	0.00150467	2.88879	0.00386726
ACAGCT	6	52	3484	38063	3.81E+06	0.00136616	0.000915325	0.000618798	0.00135375	2.88709	0.00388818
TTTATCT	7	60	4132	36666	3.67E+06	0.00163639	0.00112693	0.000786375	0.00161473	2.88677	0.00389219
TCAA	4	676	60510	59355	5.94E+06	0.0113891	0.0101946	0.00927906	0.0111994	2.88103	0.00396377
AATA	4	1153	105941	79474	7.95E+06	0.0145079	0.0133303	0.0124165	0.0143103	2.87915	0.00398755
CTGAATT	7	30	1779	34838	3.48E+06	0.000861129	0.000510649	0.000296181	0.000880279	2.87149	0.00408535
TGGTTTC	7	35	2157	34838	3.48E+06	0.00100465	0.000619152	0.000377148	0.00101628	2.8694	0.00411252
AGGTCA	6	34	2081	41506	4.15E+06	0.000819159	0.000501373	0.000302727	0.00083026	2.86879	0.00412042
TAGCA	5	115	8796	44500	4.45E+06	0.00258427	0.00197663	0.00154368	0.0025307	2.86731	0.00413979
TCTTTA	6	146	11510	38063	3.81E+06	0.00383575	0.00302393	0.00243612	0.00375305	2.86644	0.00415115
CTGGTTT	7	34	2083	34838	3.48E+06	0.000975946	0.00059791	0.000361107	0.000989848	2.86323	0.00419348
TGATAA	6	64	4474	38063	3.81E+06	0.00168142	0.00117542	0.000831686	0.00166098	2.86075	0.00422635
TTTAAG	6	72	5140	38063	3.81E+06	0.0018916	0.00135039	0.000977727	0.00186484	2.85535	0.00429892
TGAATTA	7	26	1490	34838	3.48E+06	0.000746311	0.000427694	0.000236174	0.000774401	2.85146	0.00435193
TTTGGC	6	63	4397	38063	3.81E+06	0.00165515	0.00115519	0.000814933	0.00163728	2.85117	0.00435584
TGGTAA	6	50	3342	38063	3.81E+06	0.00131361	0.000878018	0.000588771	0.00130918	2.84805	0.00439874
TGTAAT	6	93	6918	41506	4.15E+06	0.00224064	0.00166675	0.00126144	0.00220199	2.84718	0.00441081
ATTTGCT	7	36	2242	34838	3.48E+06	0.00103335	0.00064355	0.000395676	0.00104655	2.84619	0.00442461
TGAAAG	6	62	4318	38063	3.81E+06	0.00162888	0.00113444	0.000797776	0.00161293	2.84531	0.00443677
ATTAG	5	127	9860	44500	4.45E+06	0.00285393	0.00221573	0.00175424	0.00279828	2.84501	0.004441
TGCTTTG	7	46	3025	39423	3.94E+06	0.00116683	0.000767319	0.000504277	0.00116741	2.84321	0.00446623
AAACTT	6	95	7094	38063	3.81E+06	0.00249586	0.00186375	0.00141546	0.00245368	2.84032	0.00450678
TGTCTCT	7	77	5571	36666	3.67E+06	0.00210004	0.00151939	0.0011141	0.00207181	2.83504	0.00458194
CTAAAA	6	75	5405	38063	3.81E+06	0.00197042	0.00142001	0.00103635	0.00194544	2.83207	0.00462482
TCTGGT	6	76	5489	41506	4.15E+06	0.00183106	0.00132246	0.000967461	0.00180748	2.83168	0.00463042
TCAAAG	6	41	2639	38063	3.81E+06	0.00107716	0.000693324	0.000442539	0.00108608	2.82315	0.0047554
TGATG	5	278	23459	65606	6.56E+06	0.00423742	0.00357574	0.00307303	0.00416034	2.82264	0.00476294
CTGCT	5	440	38459	65606	6.56E+06	0.0067067	0.00586212	0.00520835	0.00659739	2.81772	0.00483663
TTCATTA	7	30	1797	34838	3.48E+06	0.000861129	0.000515816	0.000299978	0.000886814	2.8152	0.0048747
TTGATC	6	49	3279	38063	3.81E+06	0.00128734	0.000861467	0.000575497	0.00128935	2.81112	0.00493693
TTTCCAT	7	48	3200	36666	3.67E+06	0.00130911	0.000872743	0.000580191	0.00131262	2.80868	0.00497448
TACTGA	6	57	3929	38063	3.81E+06	0.00149752	0.00103224	0.00071378	0.00149256	2.80657	0.00500727
GTGTCT	6	118	9108	38063	3.81E+06	0.00310012	0.00239287	0.00187679	0.00305044	2.80602	0.00501583
TTAAG	5	186	15133	44500	4.45E+06	0.00417978	0.00340067	0.00281626	0.00410586	2.80595	0.00501684
AATTGT	6	98	7377	38063	3.81E+06	0.00257468	0.0019381	0.00147975	0.00253806	2.80524	0.00502787
GTTCT	5	359	30957	44500	4.45E+06	0.00806742	0.00695663	0.00609808	0.00793508	2.80302	0.0050627
GAATGC	6	36	2258	38063	3.81E+06	0.0009458	0.000593227	0.000365351	0.000963097	2.80276	0.00506679
AGAAAA	6	102	7728	41506	4.15E+06	0.00245748	0.0018619	0.00143035	0.00242333	2.79623	0.00517019
TTGCCTT	7	50	3369	39423	3.94E+06	0.0012683	0.000854577	0.000573959	0.00127222	2.79056	0.00526174
GATAAT	6	51	3452	38063	3.81E+06	0.00133988	0.000906917	0.000612019	0.00134372	2.7857	0.00534115
TTTGTTG	7	49	3291	34838	3.48E+06	0.00140651	0.000944658	0.000631538	0.00141281	2.78541	0.00534602
TTTCTCA	7	54	3697	34838	3.48E+06	0.00155003	0.0010612	0.000725587	0.0015518	2.7821	0.00540084
CATTGT	6	84	6202	38063	3.81E+06	0.00220687	0.0016294	0.00121416	0.00218634	2.77457	0.00552746
TTTTATG	7	50	3377	34838	3.48E+06	0.00143521	0.000969344	0.000651353	0.00144235	2.77379	0.0055408
TTCAG	5	210	17334	44500	4.45E+06	0.0047191	0.00389528	0.00326607	0.00464515	2.77318	0.00555121
TTAATAA	7	36	2271	34838	3.48E+06	0.00103335	0.000651874	0.000402021	0.00105685	2.76786	0.00564263
CATGCT	6	66	4692	38063	3.81E+06	0.00173397	0.00123269	0.000879271	0.00172793	2.7678	0.00564357
TCTTGTT	7	61	4279	36666	3.67E+06	0.00166367	0.00116702	0.000819396	0.00166188	2.76579	0.00567845
AAAATGA	7	36	2272	36666	3.67E+06	0.000981836	0.000619648	0.000382184	0.00100451	2.76513	0.00569001
CAGAA	5	191	15631	44500	4.45E+06	0.00429213	0.00351258	0.00291776	0.00422815	2.76274	0.00573191
CATTTGT	7	41	2665	34838	3.48E+06	0.00117688	0.000764969	0.000489329	0.00119569	2.75966	0.00578621
GGTTTA	6	45	2983	38063	3.81E+06	0.00118225	0.000783701	0.000513552	0.00119579	2.7579	0.00581737
GAAACT	6	56	3875	38063	3.81E+06	0.00147125	0.00101805	0.000702187	0.00147578	2.75271	0.00591051
TCTGCA	6	69	4951	38063	3.81E+06	0.00181278	0.00130074	0.000936087	0.00180718	2.7526	0.00591234
TGATTA	6	71	5119	38063	3.81E+06	0.00186533	0.00134488	0.000973093	0.00185844	2.75166	0.00592948
TTCTTTC	7	128	10031	43794	4.38E+06	0.00292277	0.0022905	0.00181706	0.00288692	2.75041	0.00595215
ATAATT	6	130	10214	38063	3.81E+06	0.00341539	0.00268345	0.00213329	0.003375	2.74298	0.00608852
TTTTAG	6	72	5212	38063	3.81E+06	0.0018916	0.00136931	0.000993628	0.00188676	2.73674	0.00620512
TGGTTG	6	57	3967	47084	4.71E+06	0.0012106	0.000842537	0.000583612	0.0012162	2.73309	0.00627438
TCTTCTT	7	98	7431	51516	5.15E+06	0.00190232	0.00144246	0.00110235	0.00188732	2.73219	0.00629149
ATAAAA	6	116	8996	41506	4.15E+06	0.00279478	0.0021674	0.00169736	0.00276725	2.73091	0.00631606
AAATT	5	469	41343	44500	4.45E+06	0.0105393	0.00929056	0.00829061	0.0104099	2.73036	0.00632657
TTTTCCA	7	51	3480	34838	3.48E+06	0.00146392	0.000998909	0.000675162	0.00147767	2.72762	0.00637927
CATTTG	6	105	8041	38063	3.81E+06	0.00275858	0.00211255	0.00163133	0.00273533	2.72739	0.00638379
TGCAAA	6	53	3645	38063	3.81E+06	0.00139243	0.000957623	0.000653014	0.00140412	2.72285	0.00647217
TGAACT	6	63	4469	41506	4.15E+06	0.00151785	0.00107671	0.000761689	0.00152183	2.72131	0.00650234
AAATGTT	7	53	3647	34838	3.48E+06	0.00152133	0.00104685	0.000713938	0.00153475	2.71895	0.00654905
CTAACA	6	52	3569	38063	3.81E+06	0.00136616	0.000937656	0.000636841	0.00138037	2.71172	0.00669358
ATTTAC	6	72	5233	38063	3.81E+06	0.0018916	0.00137483	0.000998269	0.00189315	2.70247	0.00688256
TCTGGA	6	57	3985	38063	3.81E+06	0.00149752	0.00104695	0.000725819	0.00150994	2.69895	0.00695592
TGTGTC	6	134	10609	38063	3.81E+06	0.00352048	0.00278722	0.00222535	0.00349046	2.69653	0.00700668
ATGA	4	859	78350	79474	7.95E+06	0.0108086	0.00985857	0.00907599	0.0107079	2.69596	0.00701865
GTTTAA	6	76	5577	38063	3.81E+06	0.00199669	0.0014652	0.00107454	0.00199761	2.69263	0.00708919
GATTTC	6	72	5243	38063	3.81E+06	0.0018916	0.00137745	0.00100048	0.0018962	2.68621	0.00722681
GTGTTTT	7	78	5761	34838	3.48E+06	0.00223893	0.00165365	0.00121879	0.00224332	2.6706	0.00757161
TGCTA	5	171	13937	44500	4.45E+06	0.0038427	0.00313191	0.00257322	0.00381144	2.66716	0.00764951
GTTTCTT	7	73	5340	34838	3.48E+06	0.00209541	0.00153281	0.00111657	0.0021039	2.66607	0.0076744
AATGTC	6	65	4668	38063	3.81E+06	0.0017077	0.00122639	0.000874022	0.00172057	2.66456	0.00770902
ATCTG	5	253	21396	44500	4.45E+06	0.00568539	0.00480809	0.00410314	0.00563347	2.65974	0.00782007
ATTTCTT	7	94	7147	34838	3.48E+06	0.0026982	0.0020515	0.00155966	0.00269802	2.65039	0.00803997
CTTTT	5	1240	115080	44500	4.45E+06	0.0278652	0.0258607	0.0241671	0.0276695	2.64991	0.00805126
GCCAA	5	111	8635	44500	4.45E+06	0.00249438	0.00194045	0.00151196	0.00249006	2.63837	0.00833065
TTAG	4	553	49429	59355	5.94E+06	0.00931682	0.00832769	0.00750365	0.00924138	2.63708	0.00836231
GATAA	5	150	12099	44500	4.45E+06	0.00337079	0.00271888	0.00220196	0.00335673	2.62476	0.00867094
TTCTA	5	336	29117	44500	4.45E+06	0.00755056	0.00654315	0.00571206	0.00749424	2.62079	0.00877272
TCTTTCT	7	135	10772	43794	4.38E+06	0.00308261	0.0024597	0.00196714	0.00307521	2.61534	0.00891392
TCTGG	5	293	25153	44500	4.45E+06	0.00658427	0.00565236	0.00488358	0.00654136	2.6071	0.00913135
CATTTT	6	259	22023	38063	3.81E+06	0.00680451	0.00578593	0.00494915	0.00676323	2.60484	0.00919173
CATTA	5	202	16831	44500	4.45E+06	0.00453933	0.00378225	0.00316301	0.00452217	2.58631	0.00970107
ATTATT	6	167	13681	57079	5.71E+06	0.00292577	0.00239685	0.00196558	0.00292248	2.56857	0.0102118
CTTTTC	6	290	24955	41506	4.15E+06	0.00698694	0.00601238	0.00519176	0.00696181	2.55354	0.0106634
TTCCA	5	305	26347	44500	4.45E+06	0.00685393	0.00592067	0.00513264	0.00682887	2.55146	0.0107273
TGTGTG	6	184	15236	78481	7.85E+06	0.00234452	0.00194136	0.00160858	0.00234283	2.55045	0.0107583
AGATT	5	196	16345	44500	4.45E+06	0.00440449	0.00367303	0.00306358	0.0044032	2.53554	0.0112274
AATCT	5	262	22408	44500	4.45E+06	0.00588764	0.00503551	0.00431284	0.00587855	2.52488	0.0115738
TCAT	4	1252	116848	79474	7.95E+06	0.0157536	0.0147027	0.013742	0.0157294	2.44841	0.0143488
											
