Significantly conserved n-mers found in the donor intronic flanking region.											
Field	Description										
n-mer	The n-mer										
length	N-mer length										
count(CS)	Counts observed in CS sample										
count(RS)	Counts observed in RS sample										
N(CS)	Total counts performed in CS sample										
N(RS)	Total counts performed in RS sample										
P(CS)	Probability of n-mer in CS sampe										
P(RS)	Probability of n-mer in RS sample										
CI(low)	"Lower cutoff for confidence interval (alpha= 0.02, two tailed)"										
CI(high)	"Upper cutoff for confidence interval (alpha= 0.02, two tailed)"										
Z	Z-score										
P(Z)	P-value based on Z-score										

n-mer	length	count(CS)	count(RS)	N(CS)	N(RS)	P(CS)	P(RS)	CI(low)	CI(high)	Z	P(Z)
TGCATG	6	182	3328	30013	3.00E+06	0.00606404	0.00110885	0.000742969	0.00165462	25.117	3.24E-139
GCATG	5	311	11052	33139	3.31E+06	0.00938471	0.00333504	0.00267498	0.0041573	18.8392	3.60E-79
TGCAT	5	326	13092	33139	3.31E+06	0.00983735	0.00395063	0.00322597	0.00483728	16.8749	6.88E-64
GCATGC	6	86	1854	30013	3.00E+06	0.00286542	0.000617732	0.000362213	0.00105331	15.3209	5.54E-53
TGCATGC	7	45	610	27868	2.79E+06	0.00161476	0.000218889	8.81E-05	0.000543756	15.2013	3.47E-52
TTTC	4	1489	101545	37924	3.79E+06	0.0392627	0.0267759	0.024914	0.0287729	14.9554	1.44E-50
TTGCATG	7	43	595	22067	2.21E+06	0.00194861	0.000269633	0.00010737	0.000676953	14.6703	9.99E-49
TTAA	4	1275	85101	37924	3.79E+06	0.0336199	0.0224399	0.0207375	0.0242785	14.5919	3.16E-48
TTTG	4	1458	100783	37924	3.79E+06	0.0384453	0.026575	0.0247201	0.0285649	14.2705	3.34E-46
TTTCT	5	660	39059	33139	3.31E+06	0.0199161	0.0117864	0.0104848	0.0132475	13.599	4.06E-42
ATTT	4	1726	126545	37924	3.79E+06	0.0455121	0.0333681	0.0312883	0.0355809	13.08	4.28E-39
TTTA	4	1560	112638	37924	3.79E+06	0.0411349	0.029701	0.0277392	0.031797	13.0272	8.56E-39
ACTAAC	6	51	970	30013	3.00E+06	0.00169926	0.000323193	0.000155667	0.000670889	12.9274	3.15E-38
TAAT	4	965	65041	50609	5.06E+06	0.0190678	0.0128517	0.0117379	0.0140696	12.3247	6.67E-35
TAATT	5	384	21029	33139	3.31E+06	0.0115876	0.0063457	0.00540843	0.00744417	11.9091	1.06E-32
AAAT	4	1311	94774	37924	3.79E+06	0.0345691	0.0249905	0.0231925	0.0269241	11.8688	1.72E-32
AATT	4	1116	78795	37924	3.79E+06	0.0294273	0.0207771	0.0191403	0.0225506	11.7278	9.19E-32
TGCATGA	7	32	533	22067	2.21E+06	0.00145013	0.000241537	9.16E-05	0.00063651	11.2216	3.20E-29
TAAA	4	1130	81265	37924	3.79E+06	0.0297964	0.0214284	0.0197656	0.0232277	11.1766	5.31E-29
TTGC	4	741	49273	37924	3.79E+06	0.0195391	0.0129926	0.0117076	0.0144165	11.1746	5.43E-29
TTTAA	5	545	33899	28371	2.84E+06	0.0192098	0.0119485	0.0105381	0.013545	11.1675	5.88E-29
TGCATGG	7	35	628	22067	2.21E+06	0.00158608	0.000284588	0.000115959	0.000698265	11.1556	6.73E-29
AGGTAAG	7	20	235	25047	2.50E+06	0.000798499	9.38E-05	2.31E-05	0.0003805	11.0534	2.11E-28
CTTT	4	1419	106317	37924	3.79E+06	0.0374169	0.0280342	0.0261286	0.0300745	10.9966	3.97E-28
AATTA	5	313	16967	33139	3.31E+06	0.00944506	0.00511995	0.0042852	0.00611631	10.9317	8.13E-28
CTGCATG	7	39	780	22067	2.21E+06	0.00176734	0.000353469	0.00015716	0.000794793	10.9042	1.10E-27
TAATTA	6	112	4140	30013	3.00E+06	0.00373172	0.0013794	0.000962913	0.00197568	10.8346	2.36E-27
ACTAACC	7	16	163	22067	2.21E+06	0.000725065	7.39E-05	1.44E-05	0.000378471	10.7411	6.53E-27
TTCT	4	1395	105178	50609	5.06E+06	0.0275643	0.0207825	0.0193577	0.0223097	10.6249	2.28E-26
TTGCAT	6	91	3177	26475	2.65E+06	0.0034372	0.0012	0.000796624	0.00180726	10.3673	3.49E-25
TTAAT	5	360	21050	33139	3.31E+06	0.0108633	0.00635203	0.00541426	0.00745101	10.2501	1.18E-24
TTTGC	5	289	16024	28371	2.84E+06	0.0101865	0.00564802	0.00470308	0.00678153	10.1101	4.99E-24
TGAA	4	929	66835	37924	3.79E+06	0.0244964	0.0176234	0.016119	0.0192654	10.1026	5.38E-24
GCAT	4	626	41952	37924	3.79E+06	0.0165067	0.0110621	0.00988057	0.0123832	10.0627	8.08E-24
CTTTG	5	350	20773	28371	2.84E+06	0.0123365	0.00732191	0.00623476	0.00859699	9.82522	8.77E-23
CTAA	4	561	37315	37924	3.79E+06	0.0147927	0.00983942	0.00872825	0.0110905	9.70034	3.00E-22
TTAAA	5	464	29692	28371	2.84E+06	0.0163547	0.0104656	0.0091505	0.0119675	9.67242	3.95E-22
CTAAC	5	120	5119	33139	3.31E+06	0.00362111	0.00154471	0.00111771	0.00213448	9.5141	1.83E-21
ATTAA	5	289	16658	33139	3.31E+06	0.00872084	0.00502671	0.00420023	0.00601482	9.42775	4.19E-21
GGTAAGT	7	14	160	22067	2.21E+06	0.000634432	7.25E-05	1.40E-05	0.000376194	9.40078	5.42E-21
AATTAA	6	108	4466	30013	3.00E+06	0.00359844	0.00148802	0.00105259	0.0021032	9.37255	7.08E-21
TGCT	4	961	71255	50609	5.06E+06	0.0189887	0.0140795	0.0129121	0.0153509	9.31134	1.26E-20
TGCTT	5	331	19960	33139	3.31E+06	0.00998823	0.00602311	0.00511178	0.00709577	9.25261	2.19E-20
TTTCTT	6	235	12916	30013	3.00E+06	0.00782994	0.00430347	0.00350938	0.0052763	9.24942	2.26E-20
GGTAAG	6	41	1056	26475	2.65E+06	0.00154863	0.000398867	0.000197804	0.00080414	9.19243	3.84E-20
ACTAA	5	155	7549	33139	3.31E+06	0.00467727	0.00227798	0.00174467	0.00297383	9.0691	1.20E-19
CTGCAT	6	79	2944	24217	2.42E+06	0.00326217	0.00121567	0.00079448	0.00185975	9.01946	1.89E-19
TTGCT	5	289	17140	33139	3.31E+06	0.00872084	0.00517215	0.0043328	0.0061731	8.9311	4.22E-19
CAGGTAA	7	20	331	22067	2.21E+06	0.000906331	0.000149998	4.50E-05	0.000500135	8.90916	5.14E-19
CTAATT	6	73	2669	24217	2.42E+06	0.00301441	0.00110212	0.00070526	0.00172191	8.84881	8.85E-19
ACTAACA	7	18	278	23287	2.33E+06	0.000772963	0.00011938	3.25E-05	0.000438562	8.847	8.99E-19
TTTCA	5	377	23960	28371	2.84E+06	0.0132882	0.00844524	0.00727177	0.00980621	8.84515	9.14E-19
CTAAT	5	171	8763	28371	2.84E+06	0.00602728	0.00308872	0.00241132	0.00395565	8.83415	1.01E-18
GAAA	4	976	73724	37924	3.79E+06	0.0257357	0.0194399	0.0178579	0.0211591	8.82222	1.12E-18
ACTAAT	6	56	1801	24217	2.42E+06	0.00231243	0.000743692	0.000432772	0.00127771	8.81918	1.15E-18
AGGTAA	6	51	1573	26475	2.65E+06	0.00192635	0.000594145	0.000333206	0.00105922	8.75476	2.05E-18
TTGAA	5	286	17169	28371	2.84E+06	0.0100807	0.0060516	0.00507061	0.007221	8.67863	4.01E-18
ATGCATG	7	28	611	27868	2.79E+06	0.00100474	0.000219248	8.83E-05	0.000544268	8.66053	4.70E-18
TTTTCT	6	233	13328	26475	2.65E+06	0.00880076	0.00503418	0.00411853	0.00615215	8.585	9.08E-18
TTTTA	5	598	42238	28371	2.84E+06	0.0210779	0.0148877	0.0133053	0.0166553	8.54949	1.24E-17
TTGA	4	818	60780	37924	3.79E+06	0.0215695	0.0160268	0.0145942	0.0175975	8.53827	1.36E-17
TTTGA	5	339	21370	28371	2.84E+06	0.0119488	0.00753234	0.00642853	0.00882399	8.53655	1.38E-17
GCATGCT	7	22	422	22067	2.21E+06	0.000996964	0.000191236	6.50E-05	0.000562575	8.43886	3.20E-17
TTGCTT	6	116	5391	30013	3.00E+06	0.00386499	0.00179622	0.00131044	0.00246164	8.3745	5.55E-17
TGCA	4	756	55843	37924	3.79E+06	0.0199346	0.014725	0.0133538	0.0162347	8.3666	5.93E-17
TAATTAA	7	37	1013	27868	2.79E+06	0.00132769	0.000363499	0.000177733	0.000743284	8.29381	1.10E-16
GGTAA	5	127	6141	28371	2.84E+06	0.0044764	0.00216453	0.00161068	0.00290828	8.29371	1.10E-16
TTGCA	5	210	11945	28371	2.84E+06	0.00740192	0.00421029	0.00340565	0.00520403	8.23065	1.86E-16
TTTATT	6	227	13204	30013	3.00E+06	0.00756339	0.00439943	0.00359567	0.00538189	8.21204	2.17E-16
ATGGCGG	7	13	176	22067	2.21E+06	0.000589115	7.98E-05	1.64E-05	0.000388284	8.17624	2.93E-16
GCATGA	6	54	1854	24217	2.42E+06	0.00222984	0.000765578	0.000448914	0.00130532	8.12118	4.62E-16
TTTGT	5	433	29463	33139	3.31E+06	0.0130662	0.00889073	0.00776875	0.0101731	8.03866	9.08E-16
ATTA	4	794	59911	50609	5.06E+06	0.0156889	0.011838	0.0107706	0.0130098	7.95741	1.76E-15
TTTAT	5	484	33857	33139	3.31E+06	0.0146051	0.0102167	0.00900918	0.0115841	7.88837	3.06E-15
TTCA	4	918	70979	37924	3.79E+06	0.0242063	0.0187161	0.0171645	0.020405	7.839	4.54E-15
TGCATGT	7	33	908	23287	2.33E+06	0.0014171	0.000389917	0.000183454	0.000828545	7.79926	6.23E-15
CAGGTA	6	46	1520	24217	2.42E+06	0.00189949	0.000627658	0.000348597	0.00112986	7.78563	6.94E-15
TTTTC	5	481	33862	28371	2.84E+06	0.0169539	0.0119354	0.0105259	0.0135311	7.72944	1.08E-14
ATTTC	5	299	19237	28371	2.84E+06	0.0105389	0.00678052	0.00573737	0.00801179	7.65503	1.93E-14
GCTT	4	773	58806	37924	3.79E+06	0.0203829	0.0155063	0.0140979	0.0170529	7.6364	2.23E-14
CTAATTA	7	23	523	22067	2.21E+06	0.00104228	0.000237005	8.91E-05	0.000629934	7.60579	2.83E-14
TTTGAA	6	125	6384	24217	2.42E+06	0.00516166	0.00263616	0.00197283	0.00352174	7.59082	3.18E-14
ACTAATT	7	23	525	22067	2.21E+06	0.00104228	0.000237912	8.96E-05	0.000631251	7.58336	3.37E-14
AAATG	5	321	21103	28371	2.84E+06	0.0113144	0.00743823	0.00634184	0.0087225	7.54143	4.65E-14
TAAAT	5	317	20823	33139	3.31E+06	0.00956577	0.00628353	0.00535121	0.00737709	7.50469	6.16E-14
GGCGG	5	228	13952	41953	4.20E+06	0.00543465	0.00332563	0.00273271	0.00404667	7.44278	9.86E-14
TTTGCT	6	110	5471	26475	2.65E+06	0.00415486	0.00206648	0.00151111	0.00282537	7.40874	1.28E-13
TTTGCA	6	89	4115	24217	2.42E+06	0.0036751	0.00169922	0.00118493	0.00243617	7.38625	1.51E-13
TTTAAT	6	144	7821	26475	2.65E+06	0.00543909	0.00295411	0.00227321	0.00383817	7.38269	1.55E-13
GGGCGG	6	116	5892	30013	3.00E+06	0.00386499	0.00196315	0.00145186	0.00265402	7.3714	1.69E-13
TTAATT	6	129	6809	30013	3.00E+06	0.00429814	0.00226868	0.00171333	0.0030035	7.32098	2.46E-13
GTAAG	5	116	5933	33139	3.31E+06	0.00350041	0.00179034	0.0013254	0.00241797	7.29297	3.03E-13
GTAAGTA	7	13	214	27868	2.79E+06	0.000466485	7.68E-05	1.79E-05	0.000329837	7.20833	5.66E-13
TTTAAA	6	209	12734	24217	2.42E+06	0.0086303	0.00525829	0.00428215	0.00645551	7.19688	6.16E-13
ATGGCG	6	24	603	24217	2.42E+06	0.000991039	0.000248999	9.97E-05	0.000621588	7.17745	7.10E-13
GCTTT	5	284	18621	28371	2.84E+06	0.0100102	0.00656339	0.00553839	0.00777661	7.13581	9.62E-13
TAATTAG	7	22	528	22067	2.21E+06	0.000996964	0.000239271	9.04E-05	0.000633224	7.13031	1.00E-12
TGAAA	5	312	20876	28371	2.84E+06	0.0109971	0.00735822	0.00626818	0.00863617	7.11893	1.09E-12
TTTGCAT	7	36	1154	23287	2.33E+06	0.00154593	0.000495555	0.000253071	0.000970156	7.09239	1.32E-12
TGATT	5	248	15837	33139	3.31E+06	0.00748363	0.00477896	0.00397488	0.00574477	7.08417	1.40E-12
GTAAGT	6	40	1361	30013	3.00E+06	0.00133276	0.00045347	0.000243818	0.000843245	7.05214	1.76E-12
TTCTT	5	450	32297	41953	4.20E+06	0.0107263	0.00769838	0.00676722	0.00875653	7.04702	1.83E-12
TTTGAT	6	92	4467	26475	2.65E+06	0.00347498	0.00168725	0.00119359	0.00238459	7.01572	2.29E-12
ACCGGAA	7	7	73	23287	2.33E+06	0.000300597	3.13E-05	3.37E-06	0.000291659	7.01019	2.38E-12
AGAAA	5	338	23150	33139	3.31E+06	0.0101995	0.00698573	0.00599891	0.00813354	6.97358	3.09E-12
CTAACC	6	33	1040	26475	2.65E+06	0.00124646	0.000392823	0.000193804	0.000796056	6.90074	5.17E-12
TTTGCTT	7	47	1788	25047	2.50E+06	0.00187647	0.000713858	0.000414612	0.00122882	6.80034	1.04E-11
GCATGCC	7	18	404	22067	2.21E+06	0.000815698	0.000183079	6.09E-05	0.00055037	6.79627	1.07E-11
AATG	4	777	60958	37924	3.79E+06	0.0204883	0.0160737	0.014639	0.0176466	6.79313	1.10E-11
CAGGTG	6	86	4175	24217	2.42E+06	0.00355122	0.001724	0.00120531	0.00246533	6.78479	1.16E-11
AAATGGC	7	21	521	22067	2.21E+06	0.000951647	0.000236099	8.87E-05	0.000628617	6.78321	1.18E-11
TAAC	4	431	31191	37924	3.79E+06	0.0113648	0.00822461	0.00721367	0.00937588	6.72482	1.76E-11
TGAC	4	506	37726	37924	3.79E+06	0.0133425	0.00994779	0.00883021	0.0112052	6.61726	3.66E-11
TGACA	5	172	10407	28371	2.84E+06	0.00606253	0.00366818	0.00292261	0.00460307	6.61672	3.67E-11
TTGTCT	6	83	4050	26475	2.65E+06	0.00313503	0.00152975	0.00106369	0.00219954	6.61595	3.69E-11
GCTTTG	6	82	3995	26475	2.65E+06	0.00309726	0.00150897	0.00104666	0.00217504	6.59063	4.38E-11
GGGCGGG	7	62	2724	27868	2.79E+06	0.00222477	0.000977465	0.000628276	0.00152043	6.58877	4.43E-11
TAATGAG	7	19	461	22067	2.21E+06	0.000861014	0.000208909	7.41E-05	0.0005888	6.56881	5.07E-11
CAGGT	5	196	12290	28371	2.84E+06	0.00690846	0.00433189	0.00351454	0.0053383	6.55623	5.52E-11
TAATGA	6	65	2937	24217	2.42E+06	0.00268406	0.00121278	0.000792195	0.00185626	6.50695	7.67E-11
TGTTT	5	451	33232	33139	3.31E+06	0.0136093	0.0100281	0.00883238	0.0113838	6.49933	8.07E-11
CTGCT	5	291	19903	41953	4.20E+06	0.00693633	0.00474412	0.004025	0.005591	6.48743	8.73E-11
CTTTGA	6	78	3780	24217	2.42E+06	0.00322088	0.00156089	0.00107175	0.00227275	6.47721	9.34E-11
ATTTT	5	593	45539	28371	2.84E+06	0.0209016	0.0160512	0.0144055	0.0178815	6.45912	1.05E-10
AATAA	5	272	18406	41953	4.20E+06	0.00648345	0.00438729	0.0036979	0.00520453	6.44882	1.13E-10
TTGAAA	6	105	5629	24217	2.42E+06	0.0043358	0.0023244	0.00170725	0.00316394	6.44019	1.19E-10
CGCATGC	7	8	109	23287	2.33E+06	0.000343539	4.68E-05	6.86E-06	0.000319074	6.38846	1.68E-10
ATTTA	5	345	24572	33139	3.31E+06	0.0104107	0.00741483	0.00639608	0.00859444	6.31301	2.74E-10
TTGAT	5	209	13537	33139	3.31E+06	0.00630677	0.00408492	0.00334685	0.00498493	6.29304	3.11E-10
TTTTATT	7	88	4529	25047	2.50E+06	0.00351339	0.0018082	0.00128219	0.00254945	6.29139	3.15E-10
TTTGTCT	7	36	1301	23287	2.33E+06	0.00154593	0.000558681	0.000296305	0.00105314	6.28922	3.19E-10
TGTCT	5	260	17639	33139	3.31E+06	0.00784574	0.00532273	0.00447023	0.00633678	6.26626	3.70E-10
CACTAA	6	38	1420	24217	2.42E+06	0.00156915	0.000586365	0.000319288	0.0010766	6.23487	4.52E-10
TTGATT	6	85	4352	30013	3.00E+06	0.00283211	0.00145004	0.00102115	0.00205869	6.23178	4.61E-10
TGACAG	6	58	2619	24217	2.42E+06	0.00239501	0.00108147	0.000689165	0.00169672	6.15145	7.68E-10
TGATTT	6	107	5947	26475	2.65E+06	0.00404155	0.00224627	0.0016636	0.00303239	6.1156	9.62E-10
GCATGCA	7	19	506	27868	2.79E+06	0.000681786	0.00018157	6.73E-05	0.000489956	6.08448	1.17E-09
AGGTA	5	121	7006	33139	3.31E+06	0.00365129	0.00211413	0.0016029	0.00278794	6.04044	1.54E-09
CACTAAT	7	15	350	22067	2.21E+06	0.000679748	0.000158608	4.90E-05	0.000513332	6.01987	1.75E-09
TTATT	5	434	32519	41953	4.20E+06	0.0103449	0.00775129	0.00681676	0.00881281	6.01751	1.77E-09
TTAATTA	7	34	1251	27868	2.79E+06	0.00122004	0.000448902	0.000235206	0.000856583	5.99631	2.02E-09
CCGGAA	6	19	516	24217	2.42E+06	0.000784573	0.000213073	7.97E-05	0.00056982	5.98421	2.17E-09
GTAATTA	7	20	561	22067	2.21E+06	0.000906331	0.000254226	9.87E-05	0.000654843	5.97076	2.36E-09
TTTTCA	6	131	7794	24217	2.42E+06	0.00540942	0.0032184	0.00247553	0.00418325	5.96997	2.37E-09
AATGGC	6	43	1764	24217	2.42E+06	0.00177561	0.000728414	0.000421549	0.00125838	5.96803	2.40E-09
CTTTAA	6	87	4618	24217	2.42E+06	0.00359252	0.00190692	0.00135668	0.00267975	5.95678	2.57E-09
GGCGGG	6	111	6326	30013	3.00E+06	0.0036984	0.00210775	0.00157522	0.00281981	5.95665	2.57E-09
GATGCGC	7	7	96	22067	2.21E+06	0.000317216	4.35E-05	5.80E-06	0.000326377	5.95153	2.66E-09
TAATTG	6	62	2945	24217	2.42E+06	0.00256018	0.00121609	0.000794806	0.00186025	5.93952	2.86E-09
CACTAAC	7	11	213	23287	2.33E+06	0.000472367	9.15E-05	2.12E-05	0.000394009	5.9268	3.09E-09
ATTAAT	6	83	4361	30013	3.00E+06	0.00276547	0.00145304	0.00102363	0.00206221	5.91313	3.36E-09
AATGA	5	217	14547	33139	3.31E+06	0.00654818	0.00438969	0.00362199	0.00531924	5.89992	3.64E-09
TTAAAGG	7	20	569	22067	2.21E+06	0.000906331	0.000257851	0.000100704	0.00066006	5.89711	3.70E-09
TTTTAT	6	183	11863	26475	2.65E+06	0.00691218	0.00448083	0.00362194	0.00554227	5.87818	4.15E-09
GCATGT	6	57	2647	24217	2.42E+06	0.00235372	0.00109303	0.000698173	0.00171083	5.8744	4.24E-09
TACTAAC	7	11	216	22067	2.21E+06	0.000498482	9.79E-05	2.29E-05	0.000417991	5.86761	4.42E-09
TCTGCT	6	87	4671	26475	2.65E+06	0.00328612	0.00176431	0.0012576	0.00247466	5.84617	5.03E-09
TTAAAG	6	80	4188	24217	2.42E+06	0.00330346	0.00172936	0.00120973	0.00247165	5.8401	5.22E-09
GCATGG	6	61	2933	26475	2.65E+06	0.00230406	0.00110784	0.000723426	0.00169617	5.79116	6.99E-09
TTTCTTG	7	38	1529	22067	2.21E+06	0.00172203	0.00069289	0.000385479	0.00124515	5.73899	9.52E-09
AATTAAA	7	36	1415	25047	2.50E+06	0.0014373	0.000564938	0.000307299	0.00103836	5.73776	9.59E-09
CAGCTG	6	87	4731	24217	2.42E+06	0.00359252	0.00195359	0.00139553	0.0027342	5.72369	1.04E-08
GTGCATG	7	22	682	23287	2.33E+06	0.000944733	0.000292867	0.000123478	0.000694466	5.72203	1.05E-08
CATTCA	6	63	3090	30013	3.00E+06	0.00209909	0.00102955	0.000679608	0.00155941	5.71964	1.07E-08
CTTTTGT	7	36	1423	22067	2.21E+06	0.0016314	0.000644854	0.000351358	0.00118322	5.70129	1.19E-08
GGGGCGG	7	47	2076	25047	2.50E+06	0.00187647	0.000828842	0.000500179	0.00137317	5.69733	1.22E-08
GTTGCAT	7	14	336	22067	2.21E+06	0.000634432	0.000152264	4.60E-05	0.000503617	5.68777	1.29E-08
TTGCAAA	7	23	736	22067	2.21E+06	0.00104228	0.00033353	0.00014498	0.000767104	5.67793	1.36E-08
TTCTG	5	319	23241	28371	2.84E+06	0.0112439	0.00819182	0.00703728	0.00953394	5.66465	1.47E-08
GTAA	4	480	37079	37924	3.79E+06	0.0126569	0.00977719	0.00866972	0.0110245	5.66298	1.49E-08
CAAA	4	668	53704	37924	3.79E+06	0.0176142	0.014161	0.0128172	0.0156433	5.6566	1.54E-08
CAGCTGC	7	29	1046	23287	2.33E+06	0.00124533	0.000449178	0.000222041	0.000908451	5.65594	1.55E-08
TAATG	5	182	11992	28371	2.84E+06	0.006415	0.00422685	0.00342048	0.00522233	5.63845	1.72E-08
CATTT	5	352	26077	28371	2.84E+06	0.012407	0.00919143	0.00796381	0.0106063	5.6378	1.72E-08
ATTTCT	6	116	6889	24217	2.42E+06	0.00479002	0.0028447	0.00215197	0.00375958	5.63679	1.73E-08
GCGGC	5	130	7943	41953	4.20E+06	0.00309871	0.00189331	0.00145969	0.00245542	5.63365	1.76E-08
GCGGCG	6	46	2035	36382	3.64E+06	0.00126436	0.000559343	0.000335862	0.000931386	5.62438	1.86E-08
GGCGGCG	7	26	896	32860	3.29E+06	0.000791236	0.000272672	0.000127673	0.000582249	5.6126	1.99E-08
CTTTGT	6	92	5148	24217	2.42E+06	0.00379898	0.00212578	0.00153965	0.00293438	5.60363	2.10E-08
TATTT	5	494	38414	33139	3.31E+06	0.0149069	0.0115918	0.0103014	0.0130416	5.60221	2.12E-08
TGCGC	5	66	3338	28371	2.84E+06	0.00232632	0.00117655	0.000788805	0.00175457	5.59432	2.21E-08
AATTGAT	7	20	604	22067	2.21E+06	0.000906331	0.000273712	0.000109698	0.000682779	5.58926	2.28E-08
TTCATT	6	116	6918	30013	3.00E+06	0.00386499	0.002305	0.00174461	0.00304485	5.58901	2.28E-08
ATTAAC	6	44	1927	24217	2.42E+06	0.00181691	0.000795722	0.000471272	0.00134324	5.57257	2.51E-08
AGCAACT	7	14	345	22067	2.21E+06	0.000634432	0.000156342	4.79E-05	0.000509868	5.56853	2.57E-08
TTCAT	5	276	19767	33139	3.31E+06	0.00832856	0.00596488	0.0050583	0.00703279	5.54946	2.87E-08
GGGAGGG	7	81	4393	27868	2.79E+06	0.00290656	0.00157636	0.00111193	0.00223434	5.54651	2.91E-08
TTGATTT	7	39	1636	25047	2.50E+06	0.00155707	0.000653172	0.000370346	0.00115174	5.53366	3.14E-08
TAACC	5	94	5332	28371	2.84E+06	0.00331324	0.00187938	0.00136876	0.00258001	5.5278	3.24E-08
TGGTAA	6	45	2001	24217	2.42E+06	0.0018582	0.000826279	0.000494076	0.00138154	5.52707	3.26E-08
ATTTAA	6	113	6737	26475	2.65E+06	0.00426818	0.00254466	0.00191896	0.00337371	5.52029	3.38E-08
CTTTGAT	7	23	759	22067	2.21E+06	0.00104228	0.000343953	0.000151323	0.000781601	5.51157	3.56E-08
GCATGCG	7	9	169	23287	2.33E+06	0.000386482	7.26E-05	1.45E-05	0.00036295	5.47928	4.27E-08
ATGCGC	6	14	352	24217	2.42E+06	0.000578106	0.000145352	4.50E-05	0.00046903	5.47839	4.29E-08
TTTCTG	6	122	7448	24217	2.42E+06	0.00503778	0.00307553	0.00235147	0.00402163	5.47018	4.50E-08
TTTTAAT	7	59	2921	23287	2.33E+06	0.0025336	0.00125435	0.000818409	0.00192205	5.46057	4.75E-08
TCTGCTT	7	32	1252	23287	2.33E+06	0.00137416	0.000537639	0.000281776	0.0010256	5.43782	5.39E-08
TCTTTTG	7	33	1309	22067	2.21E+06	0.00149545	0.000593193	0.000315203	0.00111608	5.43658	5.43E-08
TGAAAT	6	95	5468	26475	2.65E+06	0.00358829	0.00206534	0.00151016	0.00282406	5.41151	6.25E-08
AGGTGAG	7	19	578	25047	2.50E+06	0.000758574	0.000230766	9.07E-05	0.00058671	5.41122	6.26E-08
TGAGTCA	7	17	487	22067	2.21E+06	0.000770381	0.000220692	8.03E-05	0.000606129	5.40374	6.53E-08
TGGTAAG	7	12	279	22067	2.21E+06	0.000543798	0.000126433	3.45E-05	0.000463514	5.39935	6.69E-08
TGCTTT	6	114	6888	26475	2.65E+06	0.00430595	0.0026017	0.00196805	0.00343866	5.39917	6.69E-08
AATTGA	6	55	2680	26475	2.65E+06	0.00207743	0.00101228	0.000648345	0.00158017	5.39502	6.85E-08
TTTGTT	6	161	10558	30013	3.00E+06	0.00536434	0.00351781	0.00280732	0.00440731	5.36239	8.21E-08
TTTGGC	6	55	2692	24217	2.42E+06	0.00227113	0.00111162	0.000712677	0.00173348	5.36058	8.30E-08
CTTTGCT	7	29	1101	25047	2.50E+06	0.00115782	0.000439574	0.000221051	0.000873929	5.3529	8.66E-08
TTTGAAA	7	47	2177	22067	2.21E+06	0.00212988	0.000986541	0.000602317	0.00161547	5.35262	8.67E-08
CAGGTGC	7	23	782	23287	2.33E+06	0.000987676	0.00033581	0.000149455	0.000754354	5.35116	8.74E-08
GAAAT	5	249	17745	28371	2.84E+06	0.00877657	0.00625463	0.00525596	0.00744162	5.35074	8.76E-08
GACTAAC	7	8	143	22067	2.21E+06	0.000362532	6.48E-05	1.16E-05	0.000363202	5.34677	8.95E-08
TTGCTTT	7	44	1992	25047	2.50E+06	0.0017567	0.000795305	0.000475013	0.00133128	5.33878	9.36E-08
CATT	4	825	68570	37924	3.79E+06	0.021754	0.0180809	0.0165566	0.0197427	5.33651	9.48E-08
ATGCAT	6	54	2640	30013	3.00E+06	0.00179922	0.000879619	0.000561509	0.0013777	5.3199	1.04E-07
TTTTAA	6	201	13845	24217	2.42E+06	0.00829995	0.00571706	0.00469514	0.00695985	5.293	1.20E-07
TTTCAT	6	111	6732	26475	2.65E+06	0.00419263	0.00254278	0.00191733	0.00337155	5.28708	1.24E-07
TGGCATG	7	21	692	25047	2.50E+06	0.000838424	0.000276281	0.000117174	0.00065129	5.27374	1.34E-07
AAATGA	6	87	4963	26475	2.65E+06	0.00328612	0.0018746	0.00134969	0.00260311	5.26366	1.41E-07
TAAATT	6	96	5630	26475	2.65E+06	0.00362606	0.00212653	0.00156193	0.00289465	5.25207	1.50E-07
TGCTTC	6	69	3687	24217	2.42E+06	0.00284924	0.00152248	0.00104052	0.00222719	5.24664	1.55E-07
TCTGC	5	227	16041	28371	2.84E+06	0.00800113	0.00565401	0.00470853	0.00678806	5.23574	1.64E-07
TGAAT	5	216	15140	33139	3.31E+06	0.006518	0.00456864	0.00378402	0.00551504	5.22507	1.74E-07
GGCGGGG	7	50	2412	25047	2.50E+06	0.00199625	0.00096299	0.000602339	0.00153925	5.21833	1.81E-07
GGGAGG	6	182	12367	30013	3.00E+06	0.00606404	0.00412055	0.00334519	0.00507471	5.21781	1.81E-07
ATTCA	5	197	13590	33139	3.31E+06	0.00594466	0.00410091	0.00336126	0.0050025	5.21438	1.84E-07
TGACCTT	7	21	701	23287	2.33E+06	0.000901791	0.000301026	0.000128337	0.000705922	5.20734	1.92E-07
TCTT	4	1083	92516	50609	5.06E+06	0.0213994	0.0182805	0.0169459	0.0197183	5.20708	1.92E-07
AATTAG	6	50	2420	24217	2.42E+06	0.00206467	0.000999298	0.00062553	0.00159604	5.19386	2.06E-07
TTTCTGA	7	35	1486	22067	2.21E+06	0.00158608	0.000673404	0.000371582	0.00122008	5.16587	2.39E-07
ATGGC	5	139	8978	28371	2.84E+06	0.00489937	0.0031645	0.00247785	0.00404066	5.16307	2.43E-07
AGAAAA	6	108	6585	26475	2.65E+06	0.00407932	0.00248725	0.00186962	0.00330824	5.15859	2.49E-07
CTAATGA	7	15	422	22067	2.21E+06	0.000679748	0.000191236	6.50E-05	0.000562575	5.15728	2.51E-07
AATTAAC	7	16	468	22067	2.21E+06	0.000725065	0.000212081	7.58E-05	0.000593477	5.14601	2.66E-07
ATTTAAA	7	48	2306	23287	2.33E+06	0.00206124	0.000990252	0.000612945	0.00159945	5.14293	2.70E-07
TTTGTC	6	70	3809	24217	2.42E+06	0.00289053	0.00157286	0.00108151	0.00228694	5.12757	2.94E-07
GTTT	4	959	81357	37924	3.79E+06	0.0252874	0.0214526	0.0197889	0.023253	5.12424	2.99E-07
TGTCTG	6	78	4383	30013	3.00E+06	0.00259887	0.00146037	0.00102969	0.0020708	5.11975	3.06E-07
TGGCAAC	7	11	259	22067	2.21E+06	0.000498482	0.00011737	3.07E-05	0.000449211	5.11847	3.08E-07
TCTG	4	989	84140	37924	3.79E+06	0.0260785	0.0221865	0.020494	0.0240154	5.11597	3.12E-07
CTGCTT	6	83	4751	24217	2.42E+06	0.00342734	0.00196184	0.00140241	0.00274383	5.10955	3.23E-07
GAAAAT	6	89	5197	24217	2.42E+06	0.0036751	0.00214601	0.00155666	0.00295783	5.09871	3.42E-07
GGCGGC	6	58	2988	36382	3.64E+06	0.00159419	0.000821285	0.000538371	0.00125269	5.09719	3.45E-07
AATGGCG	7	6	93	22067	2.21E+06	0.000271899	4.21E-05	5.48E-06	0.000323975	5.09565	3.48E-07
TTTAATT	7	52	2585	25047	2.50E+06	0.0020761	0.00103206	0.000655765	0.00162393	5.09499	3.49E-07
TAATTAC	7	17	520	22067	2.21E+06	0.000770381	0.000235646	8.84E-05	0.000627958	5.09269	3.53E-07
TGCTTTG	7	31	1267	25047	2.50E+06	0.00123767	0.000505849	0.000266098	0.000961404	5.08905	3.60E-07
TTTGGCT	7	24	877	23287	2.33E+06	0.00103062	0.000376605	0.000174971	0.00081041	5.07482	3.88E-07
CGCATG	6	17	526	24217	2.42E+06	0.000701986	0.000217203	8.19E-05	0.000575822	5.03868	4.69E-07
AAAAT	5	390	30232	28371	2.84E+06	0.0137464	0.010656	0.00932824	0.0121703	5.03752	4.72E-07
TTAAAT	6	115	7201	26475	2.65E+06	0.00434372	0.00271992	0.00207009	0.00357302	5.03298	4.83E-07
GTGAGTA	7	10	227	22067	2.21E+06	0.000453165	0.000102869	2.48E-05	0.000426043	5.02144	5.13E-07
TCCTTT	6	102	6223	26475	2.65E+06	0.00385269	0.00235052	0.00175251	0.00315194	5.00656	5.54E-07
TGCGCA	6	18	578	24217	2.42E+06	0.00074328	0.000238675	9.39E-05	0.000606813	5.00612	5.55E-07
TTTTCTT	7	83	4811	25047	2.50E+06	0.00331377	0.00192079	0.00137592	0.00268085	4.99217	5.97E-07
TTAGC	5	116	7306	28371	2.84E+06	0.00408868	0.00257516	0.00196373	0.00337634	4.99074	6.01E-07
GCTTTGT	7	25	946	22067	2.21E+06	0.00113291	0.000428694	0.000204673	0.000897694	4.98811	6.10E-07
GCATGGC	7	17	534	25047	2.50E+06	0.000678724	0.000213199	8.10E-05	0.000561378	4.96787	6.77E-07
TTATTT	6	196	13752	30013	3.00E+06	0.0065305	0.00458201	0.00376014	0.00558252	4.9631	6.94E-07
TTCATTT	7	50	2498	25047	2.50E+06	0.00199625	0.000997325	0.000628833	0.00158141	4.95914	7.08E-07
TAGAAAA	7	31	1295	22067	2.21E+06	0.00140481	0.000586849	0.000310805	0.00110779	4.95832	7.11E-07
AATAAA	6	92	5517	30013	3.00E+06	0.00306534	0.0018382	0.0013459	0.00251013	4.92222	8.56E-07
GATT	4	565	45974	37924	3.79E+06	0.0148982	0.0121227	0.0108832	0.0135013	4.90918	9.15E-07
GGCG	4	422	33231	50609	5.06E+06	0.00833844	0.00656622	0.00578217	0.0074558	4.90531	9.33E-07
AAGGTCA	7	14	401	23287	2.33E+06	0.000601194	0.000172199	5.71E-05	0.00051961	4.90433	9.37E-07
TTTATTT	7	93	5603	27868	2.79E+06	0.00333716	0.00201055	0.00147563	0.00273885	4.90348	9.42E-07
CCGGAAG	7	8	162	22067	2.21E+06	0.000362532	7.34E-05	1.43E-05	0.000377713	4.89342	9.91E-07
TTGTT	5	341	26164	41953	4.20E+06	0.00812814	0.0062365	0.00540384	0.00719654	4.8899	1.01E-06
TAGCAAC	7	9	198	22067	2.21E+06	0.000407849	8.97E-05	1.99E-05	0.00040471	4.87946	1.06E-06
ACAAAGG	7	17	545	22067	2.21E+06	0.000770381	0.000246975	9.46E-05	0.000644381	4.87269	1.10E-06
TTGGCA	6	50	2534	24217	2.42E+06	0.00206467	0.00104637	0.000661899	0.0016538	4.85374	1.21E-06
TTTGTTC	7	29	1200	22067	2.21E+06	0.00131418	0.000543798	0.000281218	0.0010513	4.85057	1.23E-06
TGACCT	6	51	2612	26475	2.65E+06	0.00192635	0.000986591	0.000628321	0.00154883	4.82371	1.41E-06
AAATAA	6	109	6877	30013	3.00E+06	0.00363176	0.00229134	0.00173284	0.0030293	4.81878	1.44E-06
CTGC	4	869	73829	50609	5.06E+06	0.0171709	0.0145881	0.0133991	0.0158809	4.81783	1.45E-06
TAATTGC	7	15	456	22067	2.21E+06	0.000679748	0.000206643	7.29E-05	0.000585454	4.81101	1.50E-06
TTCTGA	6	80	4695	24217	2.42E+06	0.00330346	0.00193872	0.00138314	0.00271686	4.7875	1.69E-06
TTTCTA	6	91	5520	24217	2.42E+06	0.00375769	0.00227939	0.00166915	0.00311204	4.78478	1.71E-06
TTTGGCA	7	18	608	22067	2.21E+06	0.000815698	0.000275525	0.000110737	0.000685365	4.76486	1.89E-06
AACTT	5	197	14040	28371	2.84E+06	0.00694371	0.00494872	0.00406945	0.00601681	4.75542	1.98E-06
TTAACCC	7	10	244	22067	2.21E+06	0.000453165	0.000110572	2.79E-05	0.000438397	4.74384	2.10E-06
GATTAGC	7	8	169	22067	2.21E+06	0.000362532	7.66E-05	1.53E-05	0.000383011	4.74307	2.10E-06
TCTTT	5	400	31564	33139	3.31E+06	0.0120704	0.00952473	0.0083611	0.0108485	4.74122	2.12E-06
TTTAAAG	7	36	1657	22067	2.21E+06	0.0016314	0.000750895	0.00042726	0.00131935	4.72399	2.31E-06
CTGGCAG	7	27	1109	22067	2.21E+06	0.00122355	0.00050256	0.000253334	0.000996729	4.72163	2.34E-06
GTCAAAT	7	13	373	22067	2.21E+06	0.000589115	0.000169031	5.40E-05	0.000529189	4.71871	2.37E-06
CCAGGTA	7	12	329	22067	2.21E+06	0.000543798	0.000149091	4.46E-05	0.00049874	4.71709	2.39E-06
AATTT	5	353	27476	28371	2.84E+06	0.0124423	0.00968454	0.00842237	0.0111337	4.71302	2.44E-06
TTTTGGC	7	20	719	22067	2.21E+06	0.000906331	0.000325826	0.000140327	0.000756354	4.71302	2.44E-06
AGCTTT	6	71	4072	24217	2.42E+06	0.00293182	0.00168146	0.00117035	0.00241525	4.70833	2.50E-06
AGGT	4	562	46135	37924	3.79E+06	0.0148191	0.0121651	0.0109234	0.013546	4.68633	2.78E-06
TTTGTGC	7	20	723	22067	2.21E+06	0.000906331	0.000327639	0.000141419	0.000758886	4.68564	2.79E-06
GAAGAAA	7	27	1117	22067	2.21E+06	0.00122355	0.000506186	0.000255766	0.00100155	4.68144	2.85E-06
ATTAAA	6	87	5276	26475	2.65E+06	0.00328612	0.00199282	0.00144898	0.00274022	4.68022	2.87E-06
TGCTTG	6	61	3365	30013	3.00E+06	0.00203245	0.00112118	0.000752869	0.00166937	4.6753	2.94E-06
AATAAT	6	85	5136	36382	3.64E+06	0.00233632	0.00141169	0.00102199	0.0019497	4.65895	3.18E-06
AATGCAT	7	19	674	22067	2.21E+06	0.000861014	0.000305433	0.000128158	0.000727747	4.65791	3.19E-06
TTTGATT	7	32	1425	25047	2.50E+06	0.0012776	0.00056893	0.000310115	0.00104352	4.65151	3.30E-06
AACTTT	6	78	4619	24217	2.42E+06	0.00322088	0.00190734	0.00135702	0.00268023	4.64591	3.39E-06
TGCTTGA	7	17	573	22067	2.21E+06	0.000770381	0.000259664	0.000101724	0.000662665	4.6404	3.48E-06
ATAAA	5	248	18471	33139	3.31E+06	0.00748363	0.0055738	0.00469978	0.00660928	4.63886	3.50E-06
ATGAA	5	202	14587	33139	3.31E+06	0.00609554	0.00440176	0.00363291	0.00533246	4.6258	3.73E-06
ACAAA	5	183	13004	33139	3.31E+06	0.00552219	0.00392408	0.0032021	0.00480806	4.62096	3.82E-06
TTAG	4	580	47900	37924	3.79E+06	0.0152937	0.0126305	0.0113643	0.0140358	4.61643	3.90E-06
CATGC	5	139	9411	33139	3.31E+06	0.00419445	0.00283986	0.00223622	0.00360585	4.60011	4.22E-06
CCTTT	5	280	21278	28371	2.84E+06	0.00986923	0.00749991	0.00639866	0.00878902	4.59551	4.32E-06
TGCATTT	7	31	1377	23287	2.33E+06	0.00133121	0.000591317	0.000319058	0.00109565	4.59319	4.37E-06
TAACCT	6	35	1630	26475	2.65E+06	0.001322	0.000615675	0.000348728	0.00108674	4.58427	4.56E-06
TGAATT	6	73	4279	26475	2.65E+06	0.00275732	0.00161624	0.00113487	0.00230133	4.58311	4.58E-06
ATTGCTT	7	23	906	22067	2.21E+06	0.00104228	0.000410568	0.000193018	0.000873105	4.57452	4.77E-06
TTGT	4	915	78713	50609	5.06E+06	0.0180798	0.0155532	0.0143244	0.0168855	4.56715	4.94E-06
ATTAACC	7	10	256	22067	2.21E+06	0.000453165	0.00011601	3.01E-05	0.000447055	4.56203	5.07E-06
GATGGCG	7	8	178	23287	2.33E+06	0.000343539	7.64E-05	1.58E-05	0.000369371	4.56091	5.09E-06
TTCTTT	6	167	11735	30013	3.00E+06	0.00556426	0.00390997	0.0031567	0.00484212	4.55999	5.12E-06
GCGC	4	282	21488	67937	6.79E+06	0.0041509	0.00316293	0.0026998	0.00370521	4.5563	5.21E-06
TTTCTTT	7	82	4970	27868	2.79E+06	0.00294244	0.00178341	0.00128432	0.00247596	4.54842	5.40E-06
TAATTGA	7	19	690	22067	2.21E+06	0.000861014	0.000312684	0.000132459	0.000737944	4.54497	5.49E-06
GTCATAA	7	12	344	22067	2.21E+06	0.000543798	0.000155889	4.77E-05	0.000509174	4.53715	5.70E-06
CTAATTT	7	23	913	22067	2.21E+06	0.00104228	0.00041374	0.000195048	0.000877417	4.5345	5.77E-06
TTTGTTT	7	77	4602	27868	2.79E+06	0.00276303	0.00165136	0.00117413	0.0023221	4.5328	5.82E-06
TGAAAAT	7	33	1519	23287	2.33E+06	0.0014171	0.000652295	0.000362213	0.00117442	4.52232	6.12E-06
CTTGAAG	7	16	537	22067	2.21E+06	0.000725065	0.00024335	9.26E-05	0.000639136	4.5209	6.16E-06
GCTGCA	6	59	3289	24217	2.42E+06	0.00243631	0.00135814	0.000907904	0.00203119	4.51556	6.31E-06
TTGACA	6	43	2176	24217	2.42E+06	0.00177561	0.000898542	0.000548523	0.00147159	4.511	6.45E-06
TTTATG	6	82	4999	24217	2.42E+06	0.00338605	0.00206425	0.00148802	0.00286299	4.49534	6.95E-06
TTGTCTG	7	21	808	22067	2.21E+06	0.000951647	0.000366158	0.000165008	0.000812316	4.48814	7.18E-06
CTGCA	5	212	15577	28371	2.84E+06	0.00747242	0.00549047	0.00455995	0.00660961	4.48736	7.21E-06
TCTAA	5	156	10902	28371	2.84E+06	0.00549857	0.00384266	0.00307763	0.00479693	4.47625	7.60E-06
TTTCATT	7	46	2395	25047	2.50E+06	0.00183655	0.000956202	0.000597118	0.0015309	4.46513	8.00E-06
GTTTAAA	7	25	1042	22067	2.21E+06	0.00113291	0.000472198	0.000233119	0.000956234	4.46457	8.02E-06
GAGGTAA	7	10	264	22067	2.21E+06	0.000453165	0.000119636	3.16E-05	0.000452799	4.44661	8.72E-06
GGGGCG	6	79	4798	26475	2.65E+06	0.00298395	0.00181228	0.00129759	0.0025306	4.44592	8.75E-06
TTTTGC	6	73	4354	24217	2.42E+06	0.00301441	0.00179791	0.00126629	0.00255216	4.43171	9.35E-06
GTGAGT	6	37	1801	30013	3.00E+06	0.0012328	0.000600073	0.000349189	0.00103103	4.43082	9.39E-06
TGCTTGC	7	17	601	27868	2.79E+06	0.000610019	0.00021566	8.62E-05	0.000539148	4.42131	9.81E-06
TTGCTTG	7	20	763	27868	2.79E+06	0.000717669	0.000273791	0.0001207	0.000620935	4.42129	9.81E-06
GGCATGC	7	13	401	22067	2.21E+06	0.000589115	0.000181719	6.02E-05	0.00054833	4.41875	9.93E-06
CTAACCT	7	10	266	25047	2.50E+06	0.000399249	0.0001062	2.82E-05	0.000400202	4.4184	9.94E-06
TGGCGC	6	23	934	24217	2.42E+06	0.000949746	0.000385679	0.000183303	0.000811309	4.41651	1.00E-05
GCTGCT	6	72	4288	36382	3.64E+06	0.001979	0.0011786	0.000827834	0.00167775	4.41272	1.02E-05
TTTGCAA	7	20	765	22067	2.21E+06	0.000906331	0.000346672	0.000152986	0.000785375	4.40868	1.04E-05
GCTGC	5	222	16514	41953	4.20E+06	0.00529164	0.00393631	0.00328628	0.0047143	4.40393	1.06E-05
TTCTAA	6	68	3997	24217	2.42E+06	0.00280794	0.00165049	0.00114495	0.00237872	4.40001	1.08E-05
TTCCTTT	7	43	2214	25047	2.50E+06	0.00171677	0.000883938	0.000541862	0.00144166	4.39281	1.12E-05
ATGGTAA	7	13	404	23287	2.33E+06	0.000558251	0.000173487	5.77E-05	0.000521544	4.38812	1.14E-05
GGTGAGT	7	11	312	22067	2.21E+06	0.000498482	0.000141388	4.11E-05	0.000486843	4.38487	1.16E-05
ATTGATT	7	21	825	27868	2.79E+06	0.000753552	0.000296038	0.000134459	0.000651663	4.3842	1.16E-05
ACCATCT	7	14	453	22067	2.21E+06	0.000634432	0.000205284	7.22E-05	0.000583444	4.38265	1.17E-05
TAATTT	6	118	7895	26475	2.65E+06	0.00445703	0.00298206	0.00229754	0.00386974	4.36893	1.25E-05
GAACTTT	7	19	716	22067	2.21E+06	0.000861014	0.000324466	0.000139508	0.000754453	4.36797	1.25E-05
TTGCTTC	7	21	828	22067	2.21E+06	0.000951647	0.000375221	0.000170657	0.000824789	4.36632	1.26E-05
AACTAAC	7	9	228	27868	2.79E+06	0.000322951	8.18E-05	1.98E-05	0.000337954	4.36529	1.27E-05
ATGA	4	605	50668	50609	5.06E+06	0.0119544	0.0100117	0.00903327	0.0110948	4.36402	1.28E-05
TTTGTG	6	87	5457	24217	2.42E+06	0.00359252	0.00225338	0.00164716	0.00308201	4.36042	1.30E-05
CATG	4	631	53072	37924	3.79E+06	0.0166385	0.0139943	0.0126588	0.0154685	4.35794	1.31E-05
AATTCA	6	58	3285	26475	2.65E+06	0.00219075	0.00124079	0.000829247	0.00185621	4.35253	1.35E-05
TTGTTT	6	149	10434	30013	3.00E+06	0.00496452	0.00347649	0.00277065	0.00436137	4.34884	1.37E-05
TGCATT	6	63	3658	26475	2.65E+06	0.0023796	0.00138168	0.00094287	0.0020243	4.33416	1.46E-05
TTTTATG	7	34	1632	22067	2.21E+06	0.00154076	0.000739566	0.000419052	0.0013049	4.33318	1.47E-05
TTAATGA	7	22	891	22067	2.21E+06	0.000996964	0.00040377	0.000188679	0.000863852	4.33305	1.47E-05
AACTTTG	7	20	780	22067	2.21E+06	0.000906331	0.000353469	0.00015716	0.000794793	4.31413	1.60E-05
TTTTCTA	7	35	1703	22067	2.21E+06	0.00158608	0.000771741	0.000442417	0.00134587	4.31214	1.62E-05
TGTT	4	1016	88832	50609	5.06E+06	0.0200755	0.0175526	0.0162453	0.0189631	4.29754	1.73E-05
CTTTGC	6	65	3825	26475	2.65E+06	0.00245515	0.00144476	0.000994178	0.00209912	4.29205	1.77E-05
TGAT	4	624	52568	50609	5.06E+06	0.0123298	0.0103871	0.00938975	0.0114891	4.28539	1.82E-05
AGCAAC	6	29	1325	24217	2.42E+06	0.00119751	0.000547136	0.000291808	0.00102565	4.28146	1.86E-05
TGTCTT	6	82	5122	26475	2.65E+06	0.00309726	0.00193466	0.00140006	0.00267283	4.27094	1.95E-05
ATTGAT	6	48	2603	30013	3.00E+06	0.00159931	0.000867291	0.000551911	0.00136264	4.26889	1.96E-05
TGACTAA	7	11	322	22067	2.21E+06	0.000498482	0.000145919	4.31E-05	0.000493851	4.26373	2.01E-05
AAGGT	5	132	9127	28371	2.84E+06	0.00465264	0.00321702	0.00252402	0.00409951	4.2397	2.24E-05
ATTGCT	6	51	2827	24217	2.42E+06	0.00210596	0.00116736	0.000756382	0.00180125	4.23945	2.24E-05
TTTATTA	7	41	2127	22067	2.21E+06	0.00185798	0.000963883	0.000585165	0.00158732	4.23944	2.24E-05
AGGTG	5	198	14652	28371	2.84E+06	0.00697896	0.00516443	0.00426443	0.00625317	4.23549	2.28E-05
AAATA	5	317	24990	33139	3.31E+06	0.00956577	0.00754096	0.006513	0.00872974	4.23399	2.30E-05
AAGAAA	6	93	6000	30013	3.00E+06	0.00309866	0.00199913	0.00148249	0.00269534	4.2319	2.32E-05
TTAATC	6	42	2204	24217	2.42E+06	0.00173432	0.000910104	0.000557298	0.00148593	4.21362	2.51E-05
AGCTGC	6	57	3271	24217	2.42E+06	0.00235372	0.0013507	0.000901949	0.00202228	4.21339	2.52E-05
GTAACAC	7	8	197	22067	2.21E+06	0.000362532	8.93E-05	1.97E-05	0.000403968	4.21173	2.53E-05
TTTTCAT	7	42	2208	23287	2.33E+06	0.00180358	0.000948169	0.000580862	0.00154738	4.20151	2.65E-05
TAAAG	5	177	12907	28371	2.84E+06	0.00623876	0.00454936	0.00370971	0.005578	4.19982	2.67E-05
GTAAAT	6	49	2700	24217	2.42E+06	0.00202337	0.00111492	0.000715259	0.00173751	4.19836	2.69E-05
GCGGCGG	7	22	916	32860	3.29E+06	0.000669507	0.000278758	0.000131566	0.000590527	4.193	2.75E-05
TTCTGAA	7	29	1346	22067	2.21E+06	0.00131418	0.000609961	0.000326873	0.00113794	4.19212	2.76E-05
TTGTCTT	7	29	1347	25047	2.50E+06	0.00115782	0.000537789	0.000288258	0.00100311	4.18775	2.82E-05
CTTTAAT	7	23	978	22067	2.21E+06	0.00104228	0.000443196	0.000214084	0.000917279	4.17938	2.92E-05
TTTAAAT	7	51	2852	23287	2.33E+06	0.00219006	0.00122472	0.000795042	0.00188617	4.17485	2.98E-05
GCATGTG	7	20	803	23287	2.33E+06	0.000858848	0.000344828	0.00015503	0.000766811	4.17321	3.00E-05
GAAAA	5	269	20861	28371	2.84E+06	0.00948151	0.00735293	0.00626331	0.00863046	4.16987	3.05E-05
GTTTG	5	198	14719	33139	3.31E+06	0.00597483	0.00444159	0.00366895	0.00537607	4.16945	3.05E-05
TAGAAA	6	76	4717	24217	2.42E+06	0.00313829	0.00194781	0.00139071	0.00272746	4.16838	3.07E-05
TGTCTGC	7	20	804	22067	2.21E+06	0.000906331	0.000364345	0.000163882	0.000809817	4.16723	3.08E-05
AAAG	4	769	66239	37924	3.79E+06	0.0202774	0.0174662	0.0159688	0.0191014	4.15496	3.25E-05
GTTTCCA	7	19	750	22067	2.21E+06	0.000861014	0.000339874	0.000148835	0.000775935	4.14772	3.36E-05
TCCTGAC	7	15	531	22067	2.21E+06	0.000679748	0.000240631	9.11E-05	0.000635196	4.14745	3.36E-05
CTTCCGG	7	9	243	22067	2.21E+06	0.000407849	0.000110119	2.77E-05	0.000437673	4.13894	3.49E-05
AAATT	5	308	24332	28371	2.84E+06	0.0108562	0.00857636	0.00739321	0.00994697	4.13833	3.50E-05
TATTTC	6	81	5123	24217	2.42E+06	0.00334476	0.00211546	0.00153098	0.00292241	4.13117	3.61E-05
TGCTTCA	7	17	642	22067	2.21E+06	0.000770381	0.000290932	0.000119645	0.000707265	4.12199	3.76E-05
ATTTTA	6	146	10388	26475	2.65E+06	0.00551464	0.0039237	0.00312562	0.00492455	4.11196	3.92E-05
GTAAATT	7	17	644	22067	2.21E+06	0.000770381	0.000291838	0.000120174	0.000708548	4.10797	3.99E-05
CATGCAT	7	15	536	27868	2.79E+06	0.000538252	0.000192335	7.32E-05	0.000505604	4.10718	4.01E-05
CATTCAT	7	22	932	27868	2.79E+06	0.000789436	0.000334434	0.000158825	0.000704073	4.106	4.03E-05
CCTAATT	7	13	433	22067	2.21E+06	0.000589115	0.000196221	6.75E-05	0.000570002	4.10577	4.03E-05
GAAAATA	7	28	1304	22067	2.21E+06	0.00126886	0.000590928	0.000313631	0.00111312	4.10024	4.13E-05
ATAA	4	688	58857	50609	5.06E+06	0.0135944	0.0116297	0.0105721	0.0127918	4.09863	4.16E-05
CTTTTG	6	80	5064	24217	2.42E+06	0.00330346	0.00209109	0.00151053	0.00289415	4.09791	4.17E-05
AAAATA	6	119	8175	26475	2.65E+06	0.00449481	0.00308782	0.00238973	0.00398902	4.09656	4.19E-05
AAAGTT	6	65	3918	24217	2.42E+06	0.00268406	0.00161787	0.00111825	0.0023402	4.09454	4.23E-05
CTCCTTT	7	27	1243	22067	2.21E+06	0.00122355	0.000563285	0.000294552	0.00107693	4.08961	4.32E-05
GCTTGC	6	38	1969	30013	3.00E+06	0.00126612	0.000656049	0.000390682	0.00110147	4.08845	4.34E-05
TGGCA	5	183	13532	28371	2.84E+06	0.00645025	0.00476966	0.00390795	0.00582027	4.08113	4.48E-05
TGTTTTC	7	38	1972	22067	2.21E+06	0.00172203	0.000893642	0.000532395	0.00149964	4.07919	4.52E-05
CATTTAA	7	26	1183	22067	2.21E+06	0.00117823	0.000536095	0.000275973	0.00104114	4.07638	4.57E-05
GGAGGGG	7	56	3257	25047	2.50E+06	0.0022358	0.00130036	0.00086758	0.00194859	4.0733	4.64E-05
CTTTGTC	7	20	820	23287	2.33E+06	0.000858848	0.000352128	0.000159571	0.000776867	4.07211	4.66E-05
TTGAAAT	7	31	1507	23287	2.33E+06	0.00133121	0.000647142	0.000358536	0.00116779	4.06331	4.84E-05
TGACAGG	7	15	542	22067	2.21E+06	0.000679748	0.000245616	9.39E-05	0.000642415	4.05968	4.91E-05
TGTTTC	6	80	5091	24217	2.42E+06	0.00330346	0.00210224	0.00151988	0.00290709	4.04964	5.13E-05
ATTTCTT	7	40	2120	22067	2.21E+06	0.00181266	0.000960711	0.000582769	0.00158337	4.04708	5.19E-05
CAGGAA	6	65	3941	24217	2.42E+06	0.00268406	0.00162737	0.00112602	0.00235142	4.04642	5.20E-05
AATTTC	6	64	3866	24217	2.42E+06	0.00264277	0.0015964	0.00110071	0.0023148	4.04538	5.22E-05
GTTTC	5	185	13754	28371	2.84E+06	0.00652074	0.00484791	0.00397849	0.0059062	4.02968	5.59E-05
TTCTGCT	7	26	1194	23287	2.33E+06	0.0011165	0.000512732	0.000264728	0.000992845	4.02641	5.66E-05
TTGTGC	6	43	2342	24217	2.42E+06	0.00177561	0.000967089	0.000600784	0.00155639	4.01126	6.04E-05
CATGAA	6	47	2628	24217	2.42E+06	0.00194079	0.00108519	0.000692059	0.00170126	4.00835	6.11E-05
TTTTAGC	7	17	659	22067	2.21E+06	0.000770381	0.000298636	0.000124153	0.000718161	4.00445	6.22E-05
CTTTT	5	403	33024	28371	2.84E+06	0.0142046	0.0116401	0.010249	0.0132174	4.00306	6.25E-05
TCAAA	5	175	12929	28371	2.84E+06	0.00616827	0.00455712	0.00371668	0.00558654	4.00225	6.27E-05
ATTAATT	7	28	1328	27868	2.79E+06	0.00100474	0.000476532	0.000254324	0.000892715	3.99837	6.38E-05
GCGGCCC	7	16	605	22067	2.21E+06	0.000725065	0.000274165	0.000109958	0.000683426	3.99335	6.51E-05
TGCAAA	6	49	2778	24217	2.42E+06	0.00202337	0.00114713	0.000740486	0.00177668	3.99332	6.52E-05
TAATTCA	7	19	775	22067	2.21E+06	0.000861014	0.000351203	0.000155766	0.000791656	3.99319	6.52E-05
ACAGGTG	7	15	552	22067	2.21E+06	0.000679748	0.000250147	9.64E-05	0.000648963	3.98173	6.84E-05
TAAAC	5	125	8755	28371	2.84E+06	0.00440591	0.0030859	0.00240885	0.00395249	3.98033	6.88E-05
CTTGAA	6	52	3004	24217	2.42E+06	0.00214725	0.00124045	0.000814093	0.00188968	3.97491	7.04E-05
AAGTTT	6	69	4283	24217	2.42E+06	0.00284924	0.00176859	0.00124207	0.00251775	3.97051	7.17E-05
CAATTA	6	34	1734	24217	2.42E+06	0.00140397	0.000716026	0.000412479	0.00124268	3.96361	7.38E-05
ATTTTC	6	100	6731	24217	2.42E+06	0.00412933	0.00277945	0.0020958	0.00368529	3.96077	7.47E-05
ATAAATC	7	13	449	22067	2.21E+06	0.000589115	0.000203471	7.13E-05	0.000580762	3.95962	7.51E-05
GATGAAT	7	13	449	22067	2.21E+06	0.000589115	0.000203471	7.13E-05	0.000580762	3.95962	7.51E-05
TTTATTG	7	30	1468	22067	2.21E+06	0.0013595	0.000665247	0.000365787	0.00120957	3.95958	7.51E-05
CTGCATA	7	11	349	22067	2.21E+06	0.000498482	0.000158155	4.88E-05	0.00051264	3.95844	7.54E-05
CTGCATT	7	18	724	22067	2.21E+06	0.000815698	0.000328092	0.000141692	0.000759519	3.95078	7.79E-05
ACAGGAA	7	16	611	23287	2.33E+06	0.000687079	0.000262378	0.000105674	0.000651306	3.95021	7.81E-05
GTCAAA	6	31	1537	24217	2.42E+06	0.00128009	0.000634678	0.000353615	0.00113888	3.94844	7.87E-05
CTACTAA	7	9	257	22067	2.21E+06	0.000407849	0.000116463	3.03E-05	0.000447774	3.94272	8.06E-05
GGGCG	5	182	13599	33139	3.31E+06	0.00549202	0.00410362	0.00336371	0.00500548	3.92742	8.59E-05
CATGACA	7	11	352	25047	2.50E+06	0.000439174	0.000140536	4.35E-05	0.000453492	3.92626	8.63E-05
CCATCTG	7	19	787	22067	2.21E+06	0.000861014	0.000356641	0.000159115	0.00079918	3.92108	8.82E-05
TGATTGA	7	14	506	27868	2.79E+06	0.000502368	0.00018157	6.73E-05	0.000489956	3.92081	8.83E-05
TTGTTTC	7	28	1348	22067	2.21E+06	0.00126886	0.000610867	0.000327505	0.00113912	3.91554	9.02E-05
CTTAAAG	7	16	617	22067	2.21E+06	0.000725065	0.000279603	0.000113081	0.000691176	3.90763	9.32E-05
TAACGG	6	9	260	24217	2.42E+06	0.00037164	0.000107363	2.81E-05	0.000409994	3.90236	9.53E-05
TGTC	4	623	53303	37924	3.79E+06	0.0164276	0.0140552	0.0127167	0.0155324	3.90191	9.54E-05
AAGCTTT	7	20	850	22067	2.21E+06	0.000906331	0.000385191	0.000176912	0.000838468	3.89963	9.63E-05
GCATGAA	7	13	456	22067	2.21E+06	0.000589115	0.000206643	7.29E-05	0.000585454	3.89764	9.71E-05
AAAATG	6	96	6452	24217	2.42E+06	0.00396416	0.00266424	0.00199689	0.00355383	3.89549	9.80E-05
CGCGTG	6	16	619	24217	2.42E+06	0.000660693	0.000255606	0.000103517	0.000631005	3.89349	9.88E-05
TTAATG	6	62	3791	24217	2.42E+06	0.00256018	0.00156543	0.00107545	0.00227813	3.884	0.00010275
CTTTGTG	7	23	1038	22067	2.21E+06	0.00104228	0.000470386	0.000231921	0.000953807	3.8753	0.000106494
TTAAAA	6	147	10685	24217	2.42E+06	0.00607012	0.00441219	0.00352607	0.00551976	3.8663	0.000110501
TTTCTAA	7	31	1559	22067	2.21E+06	0.00140481	0.000706485	0.000395217	0.00126259	3.86598	0.000110646
AGCTTTG	7	19	797	22067	2.21E+06	0.000861014	0.000361173	0.000161916	0.000805441	3.86198	0.000112472
ATTTGCA	7	19	797	23287	2.33E+06	0.000815906	0.000342251	0.000153433	0.000763256	3.86194	0.000112489
AAGTT	5	181	13588	28371	2.84E+06	0.00637975	0.0047894	0.00392574	0.00584195	3.85446	0.000115984
CTAATTG	7	11	359	22067	2.21E+06	0.000498482	0.000162686	5.09E-05	0.000519552	3.8526	0.000116872
TCATGAA	7	16	625	22067	2.21E+06	0.000725065	0.000283228	0.000115173	0.000696333	3.85157	0.000117362
CATTAA	6	50	2907	24217	2.42E+06	0.00206467	0.0012004	0.00078241	0.00184127	3.85129	0.000117497
ATTTG	5	257	20210	28371	2.84E+06	0.00905855	0.00712347	0.00605225	0.00838269	3.85125	0.000117516
TTTT	4	2326	214806	128944	1.29E+07	0.0180388	0.0166589	0.0158497	0.0175086	3.8509	0.000117683
TCACCTT	7	17	683	23287	2.33E+06	0.000730021	0.000293297	0.000123733	0.00069507	3.84447	0.000120813
GTGTTTG	7	22	983	23287	2.33E+06	0.000944733	0.000422124	0.000204267	0.000872131	3.83973	0.000123171
TTGCAA	6	42	2331	24217	2.42E+06	0.00173432	0.000962547	0.000597304	0.00155079	3.83859	0.000123745
AAATTAA	7	30	1502	25047	2.50E+06	0.00119775	0.000599673	0.000331917	0.00108319	3.82837	0.000128994
GGGCGTG	7	16	629	23287	2.33E+06	0.000687079	0.000270108	0.000110133	0.000662303	3.82383	0.000131393
AACAA	5	152	11142	41953	4.20E+06	0.0036231	0.00265583	0.00213196	0.00330799	3.82356	0.00013154
CATGCT	6	45	2553	24217	2.42E+06	0.0018582	0.00105422	0.000667983	0.00166341	3.82188	0.000132438
GGAGGG	6	148	10808	30013	3.00E+06	0.0049312	0.00360111	0.00288134	0.00449986	3.82077	0.000133036
GGAGG	5	379	31142	41953	4.20E+06	0.00903392	0.00742307	0.00650968	0.00846352	3.82067	0.000133089
TTTTCTG	7	39	2124	22067	2.21E+06	0.00176734	0.000962523	0.000584138	0.00158562	3.82055	0.000133156
TTTTG	5	377	30982	28371	2.84E+06	0.0132882	0.0109203	0.0095753	0.0124519	3.81459	0.000136407
GGGGGCG	7	29	1440	23287	2.33E+06	0.00124533	0.000618371	0.000338105	0.0011307	3.81046	0.000138707
TTTCCA	6	77	4991	24217	2.42E+06	0.00317958	0.00206095	0.00148525	0.00285915	3.80926	0.000139381
AAGGTTT	7	16	632	22067	2.21E+06	0.000725065	0.000286401	0.00011701	0.000700839	3.80322	0.00014283
GATTT	5	217	16762	28371	2.84E+06	0.00764866	0.00590815	0.00493983	0.00706493	3.80089	0.000144176
TGTCTGT	7	26	1250	27868	2.79E+06	0.00093297	0.000448543	0.00023496	0.000856112	3.78013	0.000156746
AATTAAT	7	24	1122	27868	2.79E+06	0.000861203	0.000402612	0.000203727	0.000795501	3.77596	0.000159395
TCTTAAA	7	26	1252	22067	2.21E+06	0.00117823	0.000567363	0.000297355	0.00108228	3.7718	0.000162072
TTGTC	5	159	11787	28371	2.84E+06	0.00560431	0.00415459	0.00335585	0.00514247	3.77098	0.000162605
TATTTCT	7	34	1793	23287	2.33E+06	0.00146004	0.000769957	0.00044753	0.00132437	3.7611	0.000169165
AGCTG	5	212	16378	28371	2.84E+06	0.00747242	0.0057728	0.00481658	0.00691753	3.75461	0.000173611
TGAACAA	7	13	473	22067	2.21E+06	0.000589115	0.000214347	7.70E-05	0.000596813	3.75176	0.000175599
CTTTGTT	7	29	1457	22067	2.21E+06	0.00131418	0.000660262	0.000362252	0.00120314	3.74457	0.000180704
ATTCAT	6	63	3935	30013	3.00E+06	0.00209909	0.0013111	0.000906894	0.00189512	3.7428	0.000181983
TGTTTCT	7	36	1938	23287	2.33E+06	0.00154593	0.000832224	0.000493611	0.0014028	3.74231	0.000182336
TGATTTA	7	22	1003	22067	2.21E+06	0.000996964	0.000454525	0.000221486	0.000932529	3.73966	0.000184269
AACTAAT	7	13	476	22067	2.21E+06	0.000589115	0.000215707	7.77E-05	0.000598812	3.72667	0.00019403
TGGCAA	6	36	1944	24217	2.42E+06	0.00148656	0.000802742	0.000476498	0.00135205	3.72309	0.000196799
TTGACAG	7	13	477	22067	2.21E+06	0.000589115	0.00021616	7.79E-05	0.000599478	3.71834	0.000200533
TTGAAGC	7	11	373	22067	2.21E+06	0.000498482	0.000169031	5.40E-05	0.000529189	3.71028	0.000207033
AACAAA	6	62	3874	30013	3.00E+06	0.00206577	0.00129077	0.000890285	0.00187108	3.70992	0.000207326
AAGAAAA	7	35	1879	25047	2.50E+06	0.00139737	0.00075019	0.000441424	0.00127465	3.70661	0.000210055
TCCTTTG	7	22	1010	22067	2.21E+06	0.000996964	0.000457697	0.000223567	0.000936791	3.70517	0.000211252
TAAATAA	7	27	1337	27868	2.79E+06	0.000968853	0.000479762	0.000256573	0.000896924	3.69142	0.000223002
TTAGAAA	7	29	1471	22067	2.21E+06	0.00131418	0.000666606	0.000366752	0.00121132	3.6909	0.000223458
ATAATTA	7	23	1077	23287	2.33E+06	0.000987676	0.00046249	0.000230879	0.000926232	3.68835	0.000225716
CAGGTGG	7	27	1338	22067	2.21E+06	0.00122355	0.000606335	0.000324344	0.00113322	3.6876	0.000226379
TGTCAAA	7	14	536	22067	2.21E+06	0.000634432	0.000242897	9.24E-05	0.00063848	3.68456	0.000229095
ACAAAG	6	43	2462	24217	2.42E+06	0.00177561	0.00101664	0.000638901	0.00161735	3.67421	0.000238585
GCTGGCA	7	17	710	22067	2.21E+06	0.000770381	0.000321747	0.000137875	0.00075065	3.67231	0.000240372
CTGACAG	7	15	594	22067	2.21E+06	0.000679748	0.00026918	0.000107112	0.000676305	3.6718	0.000240849
GCTCTAA	7	9	278	22067	2.21E+06	0.000407849	0.00012598	3.43E-05	0.000462802	3.67179	0.000240861
AATGGCA	7	13	483	23287	2.33E+06	0.000558251	0.000207412	7.52E-05	0.000571863	3.66883	0.000243668
AATTG	5	161	12054	28371	2.84E+06	0.00567481	0.0042487	0.00344004	0.00524647	3.66865	0.000243831
TGCTGCA	7	17	711	22067	2.21E+06	0.000770381	0.000322201	0.000138147	0.000751284	3.66608	0.0002463
TCATTCA	7	21	955	27868	2.79E+06	0.000753552	0.000342687	0.000164156	0.000715245	3.66569	0.000246671
CCAGATG	7	14	540	22067	2.21E+06	0.000634432	0.000244709	9.34E-05	0.000641104	3.65424	0.000257941
TGGTAAA	7	14	540	22067	2.21E+06	0.000634432	0.000244709	9.34E-05	0.000641104	3.65424	0.000257941
GTAAAC	6	27	1348	24217	2.42E+06	0.00111492	0.000556634	0.000298427	0.00103802	3.6471	0.000265219
TTAACC	6	29	1483	24217	2.42E+06	0.00119751	0.00061238	0.000337709	0.0011102	3.64526	0.000267124
TTTAACC	7	13	486	22067	2.21E+06	0.000589115	0.000220238	8.01E-05	0.000605465	3.64437	0.000268045
TAAG	4	479	40560	37924	3.79E+06	0.0126305	0.0106951	0.00953421	0.0119956	3.64281	0.000269675
GCGGCCT	7	11	380	22067	2.21E+06	0.000498482	0.000172203	5.55E-05	0.000533991	3.64152	0.000271037
CTTTTGC	7	18	775	23287	2.33E+06	0.000772963	0.000332804	0.000147605	0.000750193	3.6405	0.000272114
ACTGCAT	7	13	488	22067	2.21E+06	0.000589115	0.000221145	8.06E-05	0.000606793	3.62816	0.000285452
CCGCCCC	7	24	1155	25047	2.50E+06	0.000958199	0.000461133	0.000235557	0.000902533	3.62672	0.000287048
TTCAA	5	175	13304	28371	2.84E+06	0.00616827	0.0046893	0.00383557	0.00573195	3.62268	0.000291561
GTTTGGC	7	11	382	22067	2.21E+06	0.000498482	0.000173109	5.60E-05	0.00053536	3.62215	0.000292164
TAATC	5	112	7956	28371	2.84E+06	0.00394769	0.00280427	0.00216267	0.00363552	3.61668	0.000298405
GACTAA	6	21	965	24217	2.42E+06	0.000867159	0.00039848	0.000191584	0.000828624	3.61531	0.000299994
CACCTG	6	66	4233	24217	2.42E+06	0.00272536	0.00174795	0.00122504	0.0024935	3.61324	0.000302397
TGAAGAA	7	19	841	22067	2.21E+06	0.000861014	0.000381112	0.000174348	0.000832877	3.61186	0.000304012
GGTGAGA	7	14	546	22067	2.21E+06	0.000634432	0.000247428	9.49E-05	0.000645036	3.60926	0.000307069
TCCAATT	7	11	384	23287	2.33E+06	0.000472367	0.000164899	5.34E-05	0.000508617	3.60289	0.000314699
AGTAAGT	7	11	384	27868	2.79E+06	0.000394718	0.000137792	4.47E-05	0.000425028	3.60284	0.00031476
CTTGC	5	151	11259	33139	3.31E+06	0.00455656	0.00339751	0.00273063	0.00422655	3.60199	0.000315785
TGACAGC	7	13	492	22067	2.21E+06	0.000589115	0.000222957	8.15E-05	0.000609448	3.59596	0.000323197
CTTTGAA	7	23	1097	22067	2.21E+06	0.00104228	0.000497122	0.000249693	0.000989496	3.59555	0.000323702
CTAATG	6	33	1774	24217	2.42E+06	0.00136268	0.000732543	0.000424578	0.00126361	3.59117	0.000329197
TCCATT	6	53	3241	26475	2.65E+06	0.00200189	0.00122417	0.00081594	0.00183628	3.58973	0.000331016
TTTCAG	6	79	5277	24217	2.42E+06	0.00326217	0.00217905	0.00158447	0.00299608	3.58801	0.000333207
TTAAC	5	131	9574	28371	2.84E+06	0.00461739	0.00337457	0.00266282	0.00427576	3.58526	0.000336736
ATTTTAA	7	51	3092	23287	2.33E+06	0.00219006	0.00132778	0.000876617	0.00201067	3.58411	0.000338224
CATGA	5	135	9914	28371	2.84E+06	0.00475838	0.00349441	0.00276869	0.00440952	3.58354	0.000338975
AATAAAG	7	17	725	22067	2.21E+06	0.000770381	0.000328545	0.000141966	0.000760151	3.57993	0.000343682
CTCCCCC	7	23	1101	23287	2.33E+06	0.000987676	0.000472796	0.00023776	0.000939959	3.57717	0.000347332
TTTTGCT	7	30	1572	23287	2.33E+06	0.00128827	0.000675055	0.000378518	0.00120362	3.56899	0.000358365
AATTGC	6	35	1922	24217	2.42E+06	0.00144527	0.000793657	0.000469736	0.00134065	3.5685	0.000359034
AATTCAT	7	19	849	22067	2.21E+06	0.000861014	0.000384737	0.000176627	0.000837847	3.56802	0.000359687
AGATTAA	7	14	552	23287	2.33E+06	0.000601194	0.000237042	9.13E-05	0.000614973	3.56484	0.00036408
AGAA	4	826	72992	50609	5.06E+06	0.0163212	0.0144227	0.0132407	0.0157086	3.56214	0.000367848
AAATAAA	7	35	1925	27868	2.79E+06	0.00125592	0.000690756	0.00040899	0.00116641	3.5588	0.000372551
TTGCTCA	7	14	553	22067	2.21E+06	0.000634432	0.0002506	9.66E-05	0.000649617	3.55752	0.000374375
TGCCA	5	174	13283	28371	2.84E+06	0.00613302	0.00468189	0.00382891	0.00572381	3.55737	0.000374588
CAAAAT	6	60	3794	24217	2.42E+06	0.0024776	0.00156667	0.00107646	0.0022796	3.55625	0.000376189
GCTTGA	6	35	1926	24217	2.42E+06	0.00144527	0.000795309	0.000470965	0.00134272	3.55582	0.000376798
ATTTCA	6	78	5216	26475	2.65E+06	0.00294618	0.00197016	0.0014299	0.00271398	3.55493	0.000378082
TGTCTTT	7	31	1646	23287	2.33E+06	0.00133121	0.000706832	0.000401449	0.00124423	3.55183	0.000382555
AAAGGT	6	39	2215	24217	2.42E+06	0.00161044	0.000914647	0.00056075	0.00149156	3.55077	0.000384099
TAATCA	6	38	2143	24217	2.42E+06	0.00156915	0.000884916	0.000538202	0.00145466	3.54967	0.000385709
TTTATGG	7	18	791	22067	2.21E+06	0.000815698	0.000358454	0.000160234	0.000801686	3.5481	0.000388022
TAAAGGT	7	11	390	23287	2.33E+06	0.000472367	0.000167475	5.47E-05	0.000512504	3.54587	0.000391315
TGAAG	5	177	13559	28371	2.84E+06	0.00623876	0.00477918	0.00391652	0.00583072	3.54175	0.000397474
TTATG	5	176	13473	28371	2.84E+06	0.00620352	0.00474886	0.00388921	0.00579742	3.54096	0.000398676
TAAAGG	6	38	2150	24217	2.42E+06	0.00156915	0.000887806	0.000540389	0.00145825	3.52902	0.000417095
TGTTTG	6	81	5474	30013	3.00E+06	0.00269883	0.00182388	0.00133379	0.00249359	3.52656	0.000421
CAGCTGT	7	19	858	22067	2.21E+06	0.000861014	0.000388816	0.000179197	0.000843432	3.51928	0.000432726
TGATTTT	7	36	2010	23287	2.33E+06	0.00154593	0.000863143	0.000516704	0.00144153	3.51668	0.000436974
TTGCAGA	7	16	676	22067	2.21E+06	0.000725065	0.00030634	0.000128694	0.000729023	3.51307	0.000442967
ATTGC	5	113	8118	28371	2.84E+06	0.00398294	0.00286137	0.00221245	0.00369992	3.51236	0.000444153
GAATTA	6	45	2671	24217	2.42E+06	0.0018582	0.00110294	0.000705904	0.00172292	3.51148	0.000445621
TCATT	5	247	19750	33139	3.31E+06	0.00745345	0.00595975	0.00505359	0.00702724	3.51094	0.000446517
CTTTA	5	219	17272	28371	2.84E+06	0.00771915	0.00608791	0.00510374	0.00726047	3.51007	0.000447992
TGTCA	5	169	12898	28371	2.84E+06	0.00595679	0.00454619	0.00370686	0.00557451	3.50899	0.000449819
CAAAA	5	184	14203	28371	2.84E+06	0.0064855	0.00500617	0.00412134	0.00607981	3.5079	0.000451664
TTCTTG	6	71	4686	24217	2.42E+06	0.00293182	0.001935	0.00138004	0.00271252	3.50343	0.000459308
TTTATCA	7	20	924	22067	2.21E+06	0.000906331	0.000418725	0.000198248	0.000884185	3.50282	0.000460354
CGGAAG	6	16	678	24217	2.42E+06	0.000660693	0.000279969	0.000117757	0.00066548	3.50036	0.000464629
CTGGCA	6	55	3434	24217	2.42E+06	0.00227113	0.00141801	0.000956015	0.0021028	3.50018	0.000464952
CAGGAAA	7	20	925	22067	2.21E+06	0.000906331	0.000419178	0.000198539	0.0008848	3.49772	0.000469259
TGACTT	6	56	3513	26475	2.65E+06	0.0021152	0.00132691	0.000898533	0.00195912	3.49574	0.000472748
AAATGT	6	89	6145	24217	2.42E+06	0.0036751	0.00253747	0.00188845	0.00340878	3.49375	0.000476279
AAAATGG	7	21	990	22067	2.21E+06	0.000951647	0.000448634	0.000217631	0.000924604	3.49177	0.000479827
CTGCTG	6	86	5901	36382	3.64E+06	0.00236381	0.00162196	0.00119976	0.0021924	3.49102	0.00048118
ATTAATA	7	22	1055	23287	2.33E+06	0.000944733	0.000453042	0.000224601	0.000913619	3.48977	0.000483432
TCAAAA	6	55	3442	24217	2.42E+06	0.00227113	0.00142132	0.000958677	0.00210674	3.48264	0.000496501
GCTAATG	7	9	294	23287	2.33E+06	0.000386482	0.000126251	3.55E-05	0.000449323	3.4816	0.000498421
AACT	4	543	46777	37924	3.79E+06	0.0143181	0.0123344	0.0110837	0.0137242	3.47991	0.000501582
GATTAG	6	25	1256	26475	2.65E+06	0.000944287	0.00047441	0.000248882	0.000904117	3.47656	0.000507888
AAATTA	6	84	5748	26475	2.65E+06	0.0031728	0.0021711	0.00159972	0.00294598	3.47647	0.000508055
CATTTC	6	67	4383	26475	2.65E+06	0.00253069	0.00165552	0.00116732	0.00234742	3.47622	0.000508528
ATTAG	5	124	9075	28371	2.84E+06	0.00437066	0.00319869	0.0025079	0.00407898	3.47232	0.000515984
GATAAG	6	26	1325	26475	2.65E+06	0.000982059	0.000500472	0.000266918	0.000938195	3.4697	0.000521035
GAAATG	6	66	4308	26475	2.65E+06	0.00249292	0.0016272	0.00114391	0.00231419	3.46841	0.000523543
TTTTAGA	7	28	1464	22067	2.21E+06	0.00126886	0.000663434	0.000364501	0.00120723	3.45993	0.000540313
CCATTTC	7	18	807	23287	2.33E+06	0.000772963	0.000346545	0.000156096	0.000769179	3.45779	0.000544628
TTTCAA	6	73	4872	24217	2.42E+06	0.00301441	0.00201181	0.00144413	0.00280202	3.45625	0.00054775
TATTTAG	7	19	870	22067	2.21E+06	0.000861014	0.000394254	0.000182635	0.000850868	3.4552	0.000549888
CTGGTAA	7	9	297	22067	2.21E+06	0.000407849	0.00013459	3.80E-05	0.000476278	3.44736	0.000566097
GTAAA	5	146	10974	28371	2.84E+06	0.0051461	0.00386803	0.00310022	0.0048251	3.44524	0.000570548
TAAATC	6	38	2180	24217	2.42E+06	0.00156915	0.000900194	0.000549775	0.00147364	3.44137	0.000578779
GCAGGTG	7	24	1198	23287	2.33E+06	0.00103062	0.00051445	0.000265898	0.000995109	3.43939	0.000583022
AGCTGCT	7	19	873	22067	2.21E+06	0.000861014	0.000395613	0.000183496	0.000852725	3.43934	0.000583137
AATATTT	7	44	2625	22067	2.21E+06	0.00199393	0.00118956	0.000758439	0.00186528	3.43783	0.000586398
CTTTC	5	256	20649	33139	3.31E+06	0.00772504	0.00623103	0.0053029	0.0073204	3.43501	0.000592526
GCGGCC	6	40	2330	24217	2.42E+06	0.00165173	0.000962134	0.000596987	0.00155028	3.43204	0.000599051
ATTTTCT	7	42	2479	22067	2.21E+06	0.00190329	0.0011234	0.00070711	0.00178432	3.42957	0.000604529
CAGCT	5	203	15959	28371	2.84E+06	0.00715519	0.00562511	0.00468225	0.00675654	3.42429	0.000616409
GATTAAA	7	14	572	22067	2.21E+06	0.000634432	0.000259211	0.000101469	0.000662014	3.42089	0.000624174
TCTTTG	6	78	5297	24217	2.42E+06	0.00322088	0.00218731	0.00159142	0.00300564	3.41782	0.000631246
AATGAA	6	66	4338	30013	3.00E+06	0.00219905	0.00144537	0.0010173	0.00205322	3.41102	0.000647196
AGAAAAT	7	29	1547	22067	2.21E+06	0.00131418	0.000701047	0.000391317	0.00125562	3.40936	0.000651147
TAATGAA	7	19	879	22067	2.21E+06	0.000861014	0.000398332	0.000185221	0.000856437	3.40781	0.00065487
TGCTG	5	250	20146	41953	4.20E+06	0.00595905	0.00480204	0.0040782	0.00565362	3.40702	0.000656757
GCAAA	5	129	9554	28371	2.84E+06	0.0045469	0.00336752	0.0026566	0.00426788	3.40609	0.000659007
AGTTTTA	7	25	1274	23287	2.33E+06	0.00107356	0.000547086	0.000288285	0.00103798	3.40256	0.000667576
TATTAAT	7	24	1207	23287	2.33E+06	0.00103062	0.000518315	0.000268534	0.0010002	3.40114	0.000671043
TTTATC	6	55	3481	24217	2.42E+06	0.00227113	0.00143742	0.000971661	0.00212596	3.39777	0.000679368
TTAGCA	6	39	2269	24217	2.42E+06	0.00161044	0.000936945	0.000577732	0.00151916	3.39657	0.000682351
TTAAATT	7	36	2051	25047	2.50E+06	0.0014373	0.000818861	0.000492672	0.00136072	3.39211	0.000693576
TTTTGA	6	95	6707	24217	2.42E+06	0.00392286	0.00276954	0.00208728	0.00367399	3.39123	0.000695795
GTTTGC	6	40	2345	24217	2.42E+06	0.00165173	0.000968328	0.000601734	0.00155791	3.39051	0.000697615
GTGCGC	6	17	757	24217	2.42E+06	0.000701986	0.00031259	0.000137383	0.000711083	3.39008	0.000698722
GCTAAT	6	27	1415	24217	2.42E+06	0.00111492	0.0005843	0.000317833	0.00107393	3.38492	0.000711987
TCTGCAT	7	17	758	23287	2.33E+06	0.000730021	0.000325503	0.000143132	0.000740069	3.38432	0.000713544
GAATAAT	7	16	697	22067	2.21E+06	0.000725065	0.000315856	0.00013435	0.000742396	3.3823	0.000718809
CGGGCGG	7	22	1079	27868	2.79E+06	0.000789436	0.000387182	0.000193402	0.000774972	3.37907	0.000727321
CTAACA	6	28	1486	24217	2.42E+06	0.00115621	0.000613619	0.00033859	0.0011118	3.37806	0.000730001
CACGTG	6	25	1281	24217	2.42E+06	0.00103233	0.000528967	0.00027921	0.00100191	3.37402	0.000740781
AGATGTT	7	17	760	22067	2.21E+06	0.000770381	0.000344406	0.0001516	0.000782231	3.37282	0.000744028
ATCTGTT	7	17	760	22067	2.21E+06	0.000770381	0.000344406	0.0001516	0.000782231	3.37282	0.000744028
AGAATTA	7	17	760	23287	2.33E+06	0.000730021	0.000326362	0.000143657	0.000741262	3.37279	0.000744111
TCAA	4	478	40980	37924	3.79E+06	0.0126042	0.0108058	0.00963868	0.0121126	3.36778	0.000757768
TTATTTC	7	32	1773	22067	2.21E+06	0.00145013	0.000803462	0.000465618	0.0013861	3.36017	0.000778944
AAAATAA	7	39	2282	25047	2.50E+06	0.00155707	0.000911087	0.000562546	0.00147526	3.36001	0.000779403
CTTGCTT	7	21	1018	27868	2.79E+06	0.000753552	0.000365294	0.000178912	0.000745693	3.35737	0.000786867
TTTAG	5	201	15859	28371	2.84E+06	0.0070847	0.00558986	0.00465022	0.00671809	3.35595	0.000790918
GGCATG	6	47	2885	26475	2.65E+06	0.00177526	0.00108971	0.000709114	0.00167423	3.35377	0.000797195
CATTCCA	7	14	582	25047	2.50E+06	0.000558949	0.000232363	9.16E-05	0.000589	3.35105	0.000805048
CTGAAAT	7	20	956	22067	2.21E+06	0.000906331	0.000433226	0.000207606	0.000903822	3.34249	0.00083029
TAAATTA	7	24	1221	25047	2.50E+06	0.000958199	0.000487484	0.000253483	0.000937296	3.34223	0.000831089
CATAAT	6	39	2289	24217	2.42E+06	0.00161044	0.000945204	0.000584037	0.00152937	3.3405	0.000836292
TAAGTA	6	38	2215	30013	3.00E+06	0.00126612	0.000738014	0.000452448	0.0012036	3.34049	0.000836308
TTTGG	5	250	20242	28371	2.84E+06	0.00881181	0.00713475	0.00606262	0.00839488	3.33573	0.000850761
TTTGCC	6	52	3278	24217	2.42E+06	0.00214725	0.00135359	0.000904264	0.00202575	3.33294	0.000859344
CATTTT	6	118	8682	24217	2.42E+06	0.00487261	0.00358508	0.00279576	0.00459623	3.32979	0.000869101
AAACTT	6	61	3984	24217	2.42E+06	0.00251889	0.00164513	0.00114055	0.00237239	3.32978	0.00086914
TATTTA	6	104	7501	30013	3.00E+06	0.00346517	0.00249925	0.00191256	0.00326533	3.32847	0.000873258
TGCCAA	6	35	2001	24217	2.42E+06	0.00144527	0.000826279	0.000494076	0.00138154	3.32348	0.000889006
GCGG	4	415	35254	50609	5.06E+06	0.00820012	0.00696595	0.00615703	0.00788031	3.31877	0.00090415
AATAAAC	7	14	587	22067	2.21E+06	0.000634432	0.000266008	0.000105309	0.000671765	3.31674	0.000910732
TCATTT	6	101	7263	26475	2.65E+06	0.00381492	0.00274334	0.00209035	0.00359959	3.31056	0.000931099
ATTCAA	6	42	2525	26475	2.65E+06	0.0015864	0.00095373	0.000602805	0.00150864	3.30758	0.000941056
ATTTTCA	7	31	1718	23287	2.33E+06	0.00133121	0.000737751	0.000423935	0.00128357	3.30579	0.000947106
CCCGCCC	7	25	1298	27868	2.79E+06	0.000897086	0.000465767	0.000246848	0.000878665	3.30542	0.000948342
TTATTGC	7	14	589	22067	2.21E+06	0.000634432	0.000266914	0.000105823	0.000673063	3.30309	0.000956243
GATTAA	6	34	1935	24217	2.42E+06	0.00140397	0.000799025	0.000473731	0.00134739	3.30286	0.000957055
CAACTT	6	36	2082	24217	2.42E+06	0.00148656	0.000859727	0.000519189	0.0014233	3.29987	0.000967294
GCTTGCT	7	14	591	27868	2.79E+06	0.000502368	0.000212071	8.42E-05	0.000534018	3.28941	0.00100399
TTAAAAT	7	46	2837	23287	2.33E+06	0.00197535	0.00121828	0.000789972	0.00187836	3.28546	0.00101816
TAATTTG	7	23	1167	22067	2.21E+06	0.00104228	0.000528844	0.000271052	0.00103157	3.28528	0.00101881
GCTTG	5	151	11556	33139	3.31E+06	0.00455656	0.00348713	0.00281059	0.00432581	3.28119	0.00103369
GGGTGGG	7	68	4571	27868	2.79E+06	0.00244007	0.00164023	0.00116489	0.0023091	3.27534	0.00105536
TTAATAA	7	25	1306	22067	2.21E+06	0.00113291	0.000591834	0.00031426	0.00111431	3.27375	0.00106132
TTGAAG	6	48	2996	24217	2.42E+06	0.00198208	0.00123715	0.000811475	0.00188569	3.27178	0.00106871
GCAGGT	6	47	2920	24217	2.42E+06	0.00194079	0.00120576	0.000786649	0.00184777	3.26983	0.00107613
AAAGC	5	146	11136	28371	2.84E+06	0.0051461	0.00392513	0.00315106	0.00488843	3.26769	0.00108427
TTTGGA	6	65	4336	24217	2.42E+06	0.00268406	0.00179048	0.00126014	0.00254344	3.26492	0.00109495
ATTAGC	6	26	1378	24217	2.42E+06	0.00107363	0.000569022	0.000307093	0.00105412	3.26221	0.00110546
TGTGAA	6	60	3940	24217	2.42E+06	0.0024776	0.00162696	0.00112568	0.00235093	3.25981	0.00111486
CTTTCT	6	105	7636	30013	3.00E+06	0.00349848	0.00254423	0.00195159	0.00331624	3.25934	0.00111672
ATTTTTA	7	55	3546	23287	2.33E+06	0.00236183	0.00152274	0.00103302	0.0022441	3.25871	0.0011192
GCATTT	6	62	4101	24217	2.42E+06	0.00256018	0.00169344	0.00118018	0.00242936	3.25596	0.00113009
TGCTAA	6	37	2171	24217	2.42E+06	0.00152785	0.000896478	0.000546957	0.00146902	3.2554	0.00113234
TTTGTAA	7	25	1311	22067	2.21E+06	0.00113291	0.0005941	0.000315832	0.00111726	3.25393	0.00113818
TTTTGAA	7	33	1879	22067	2.21E+06	0.00149545	0.000851498	0.000501043	0.00144672	3.25115	0.00114941
AAACCA	6	41	2472	26475	2.65E+06	0.00154863	0.000933711	0.00058732	0.00148409	3.24909	0.00115773
AAACTTT	7	24	1246	22067	2.21E+06	0.0010876	0.000564644	0.000295486	0.00107871	3.23913	0.00119897
CCTTTG	6	62	4114	24217	2.42E+06	0.00256018	0.00169881	0.00118459	0.00243568	3.23076	0.0012346
TTCTGC	6	58	3799	24217	2.42E+06	0.00239501	0.00156873	0.00107814	0.00228205	3.22452	0.00126184
AGGTGA	6	41	2485	26475	2.65E+06	0.00154863	0.000938621	0.000591114	0.00149012	3.21485	0.00130511
AAAGTTT	7	23	1184	22067	2.21E+06	0.00104228	0.000536548	0.000276281	0.00104174	3.21313	0.00131297
AAATGG	6	55	3569	24217	2.42E+06	0.00227113	0.00147376	0.00100102	0.00216926	3.21004	0.00132717
TAAATTT	7	32	1820	23287	2.33E+06	0.00137416	0.000781552	0.000456066	0.00133902	3.20797	0.00133678
TAAACA	6	46	2871	24217	2.42E+06	0.00189949	0.00118553	0.000770686	0.00182327	3.20321	0.00135903
GACCAC	6	25	1324	24217	2.42E+06	0.00103233	0.000546723	0.00029152	0.00102511	3.20274	0.00136129
AATGAG	6	44	2718	24217	2.42E+06	0.00181691	0.00112235	0.000721072	0.00174656	3.20228	0.00136344
CTGTCA	6	50	3182	24217	2.42E+06	0.00206467	0.00131395	0.000872562	0.00197818	3.19997	0.00137444
ACAGCTG	7	17	792	22067	2.21E+06	0.000770381	0.000358907	0.000160514	0.000802312	3.19294	0.00140833
GAAAATG	7	23	1191	23287	2.33E+06	0.000987676	0.000511444	0.00026385	0.000991146	3.18372	0.00145398
TGAATG	6	52	3346	30013	3.00E+06	0.00173258	0.00111485	0.000747783	0.0016618	3.1823	0.00146109
TAGCTTT	7	17	794	23287	2.33E+06	0.000730021	0.000340963	0.000152636	0.000761477	3.18194	0.0014629
TGGCAG	6	64	4301	24217	2.42E+06	0.00264277	0.00177603	0.0012482	0.00252648	3.17986	0.00147346
AATTAC	6	37	2200	24217	2.42E+06	0.00152785	0.000908453	0.000556043	0.00148388	3.1729	0.00150922
TTTATTC	7	28	1543	22067	2.21E+06	0.00126886	0.000699234	0.000390019	0.00125329	3.17249	0.00151138
ATTTAG	6	51	3275	24217	2.42E+06	0.00210596	0.00135236	0.000903272	0.00202426	3.16663	0.00154217
TAAAA	5	326	27361	28371	2.84E+06	0.0114906	0.009644	0.00838464	0.0110904	3.16387	0.00155686
TTTGTGA	7	22	1128	22067	2.21E+06	0.000996964	0.000511171	0.000259116	0.00100816	3.16197	0.00156705
AGGTCA	6	36	2131	26475	2.65E+06	0.00135977	0.00080491	0.000488867	0.001325	3.15695	0.00159426
CAGGAAG	7	22	1130	22067	2.21E+06	0.000996964	0.000512077	0.000259726	0.00100936	3.15333	0.00161418
ATGAAT	6	51	3281	30013	3.00E+06	0.00169926	0.00109319	0.000730411	0.00163587	3.15296	0.00161622
CCGCCC	6	50	3203	30013	3.00E+06	0.00166594	0.0010672	0.00070962	0.00160469	3.15238	0.00161943
ATTTAT	6	105	7720	30013	3.00E+06	0.00349848	0.00257222	0.00197591	0.00334789	3.14676	0.00165089
TTTCTC	6	95	6878	24217	2.42E+06	0.00392286	0.00284015	0.00214805	0.00375441	3.14444	0.00166407
TTTAGA	6	65	4402	24217	2.42E+06	0.00268406	0.00181773	0.00128268	0.00257539	3.14192	0.00167847
AAGAAAG	7	20	998	27868	2.79E+06	0.000717669	0.000358117	0.000174204	0.000736051	3.14103	0.00168354
TGTCAG	6	48	3053	24217	2.42E+06	0.00198208	0.00126068	0.000830147	0.00191408	3.13919	0.00169416
TCTTTAA	7	26	1412	22067	2.21E+06	0.00117823	0.000639869	0.000347844	0.00117677	3.13384	0.00172534
GGGCGGC	7	21	1068	22067	2.21E+06	0.000951647	0.000483981	0.00024093	0.000971982	3.12804	0.00175978
ATAAT	5	203	16297	41953	4.20E+06	0.00483875	0.00388459	0.00323922	0.00465794	3.12242	0.00179373
GAGGGGC	7	31	1774	22067	2.21E+06	0.00140481	0.000803915	0.00046595	0.00138667	3.12234	0.00179417
ATTTGC	6	46	2905	24217	2.42E+06	0.00189949	0.00119957	0.000781758	0.00184027	3.1221	0.00179564
ACAAAA	6	54	3534	26475	2.65E+06	0.00203966	0.00133484	0.000904941	0.00196857	3.11729	0.00182523
AACTTTA	7	18	872	23287	2.33E+06	0.000772963	0.000374458	0.00017361	0.000807478	3.11125	0.00186296
GATTA	5	106	7832	28371	2.84E+06	0.00373621	0.00276057	0.00212462	0.00358617	3.11109	0.00186397
TTAT	4	945	85443	50609	5.06E+06	0.0186726	0.016883	0.0156014	0.0182678	3.10784	0.00188459
AATAATT	7	28	1564	22067	2.21E+06	0.00126886	0.000708751	0.000396843	0.0012655	3.09886	0.00194266
GTAATT	6	46	2916	24217	2.42E+06	0.00189949	0.00120411	0.000785344	0.00184577	3.09608	0.00196095
TTTTAG	6	76	5327	24217	2.42E+06	0.00313829	0.00219969	0.00160186	0.00301997	3.09572	0.00196333
TCTGAA	6	63	4268	24217	2.42E+06	0.00260148	0.0017624	0.00123696	0.00251048	3.0904	0.00199888
CGGCGG	6	34	2005	36382	3.64E+06	0.000934528	0.000551097	0.000329682	0.000921078	3.0902	0.00200024
CTTTAAA	7	28	1568	22067	2.21E+06	0.00126886	0.000710563	0.000398145	0.00126782	3.08496	0.00203578
TGACAT	6	42	2612	26475	2.65E+06	0.0015864	0.000986591	0.000628321	0.00154883	3.08401	0.00204231
GCTTC	5	162	12710	28371	2.84E+06	0.00571006	0.00447993	0.00364734	0.00550153	3.08305	0.00204893
ACAGCT	6	42	2619	24217	2.42E+06	0.00173432	0.00108147	0.000689165	0.00169672	3.06652	0.00216566
CATCTGT	7	18	882	22067	2.21E+06	0.000815698	0.000399692	0.000186084	0.000858292	3.06062	0.00220881
TAATAA	6	61	4122	36382	3.64E+06	0.00167665	0.00113298	0.000790255	0.00162409	3.06006	0.00221294
TGATTA	6	45	2854	24217	2.42E+06	0.0018582	0.00117851	0.000765156	0.00181476	3.05889	0.00222162
CCCCGCC	7	25	1363	25047	2.50E+06	0.000998124	0.000544177	0.000292722	0.00101142	3.05271	0.00226788
CCACCTG	7	22	1154	22067	2.21E+06	0.000996964	0.000522953	0.000267063	0.00102377	3.051	0.00228078
CAAAGG	6	40	2476	24217	2.42E+06	0.00165173	0.00102242	0.000643366	0.00162445	3.03986	0.00236691
CAATT	5	118	8919	28371	2.84E+06	0.00415918	0.0031437	0.00245958	0.00401734	3.03541	0.00240211
TTGGCT	6	52	3420	26475	2.65E+06	0.00196412	0.00129178	0.000870206	0.00191721	3.02282	0.00250431
GGTAAA	6	30	1732	24217	2.42E+06	0.0012388	0.0007152	0.000411875	0.00124163	3.02185	0.00251236
TTGGC	5	141	10928	28371	2.84E+06	0.00496986	0.00385182	0.00308578	0.00480711	3.02078	0.00252123
TTCATC	6	43	2717	24217	2.42E+06	0.00177561	0.00112194	0.000720749	0.00174605	3.01489	0.00257072
TGACAA	6	32	1883	24217	2.42E+06	0.00132139	0.000777553	0.000457779	0.0013204	3.01073	0.00260623
AAATGCA	7	18	893	23287	2.33E+06	0.000772963	0.000383476	0.00017934	0.000819779	3.00561	0.00265051
CTTTGGA	7	18	894	22067	2.21E+06	0.000815698	0.00040513	0.000189545	0.000865704	3.00068	0.00269378
GCCCCCT	7	21	1097	22067	2.21E+06	0.000951647	0.000497122	0.000249693	0.000989496	3.00047	0.00269565
AGGAAG	6	69	4810	30013	3.00E+06	0.002299	0.00160264	0.00114793	0.00223705	2.99454	0.00274856
CCGCC	5	116	8782	41953	4.20E+06	0.002765	0.00209329	0.00163449	0.00268054	2.99055	0.00278474
GCTTTT	6	76	5396	24217	2.42E+06	0.00313829	0.00222819	0.00162589	0.00305291	2.98281	0.0028562
CATCTG	6	52	3439	24217	2.42E+06	0.00214725	0.00142008	0.000957678	0.00210527	2.9826	0.00285814
GTTTTC	6	71	4983	24217	2.42E+06	0.00293182	0.00205765	0.00148249	0.00285531	2.98093	0.0028737
TGAAGC	6	35	2118	24217	2.42E+06	0.00144527	0.000874592	0.0005304	0.00144182	2.97973	0.002885
GAACAA	6	31	1819	24217	2.42E+06	0.00128009	0.000751125	0.000438245	0.00128709	2.97939	0.00288822
TGCTTCT	7	22	1172	23287	2.33E+06	0.000944733	0.000503285	0.000258306	0.000980376	2.97578	0.00292242
CTGAC	5	127	9752	33139	3.31E+06	0.00383234	0.00294276	0.00232701	0.00372082	2.97039	0.00297426
CTTGCT	6	55	3686	30013	3.00E+06	0.00183254	0.00122813	0.000839277	0.00179683	2.96764	0.00300093
GCTTTCT	7	22	1175	22067	2.21E+06	0.000996964	0.000532469	0.000273511	0.00103636	2.96342	0.0030424
AAATC	5	145	11332	28371	2.84E+06	0.00511085	0.00399422	0.00321265	0.00496499	2.96307	0.00304584
ATGATT	6	50	3289	24217	2.42E+06	0.00206467	0.00135814	0.000907904	0.00203119	2.96305	0.00304611
TGGC	4	688	61479	37924	3.79E+06	0.0181415	0.0162111	0.0147701	0.0177902	2.96035	0.00307285
GAATAA	6	43	2741	24217	2.42E+06	0.00177561	0.00113185	0.000728508	0.00175811	2.95637	0.00311283
ACCTGC	6	43	2743	24217	2.42E+06	0.00177561	0.00113268	0.000729155	0.00175912	2.95152	0.00316215
CCTTTC	6	68	4753	26475	2.65E+06	0.00256846	0.00179528	0.00128341	0.00251079	2.95081	0.00316943
TTATTA	6	80	5749	36382	3.64E+06	0.00219889	0.00158018	0.00116426	0.00214435	2.95069	0.00317068
CAAAG	5	144	11258	28371	2.84E+06	0.00507561	0.00396814	0.00318939	0.00493609	2.94837	0.00319458
TTTCTTA	7	31	1829	22067	2.21E+06	0.00140481	0.000828839	0.000484291	0.00141817	2.94829	0.00319536
GTGAC	5	107	8047	28371	2.84E+06	0.00377146	0.00283635	0.00219063	0.0036717	2.94219	0.003259
CGGCG	5	70	4924	41953	4.20E+06	0.00166853	0.00117369	0.000843892	0.00163218	2.9394	0.00328845
TTCCA	5	190	15351	28371	2.84E+06	0.00669698	0.00541081	0.00448766	0.00652261	2.93505	0.00333495
TTATGG	6	36	2215	24217	2.42E+06	0.00148656	0.000914647	0.00056075	0.00149156	2.92053	0.00349434
AAATGC	6	47	3071	24217	2.42E+06	0.00194079	0.00126812	0.000836052	0.00192304	2.91917	0.0035096
AGCT	4	616	54784	37924	3.79E+06	0.016243	0.0144457	0.0130881	0.015942	2.91701	0.00353401
TGGAAA	6	71	5023	24217	2.42E+06	0.00293182	0.00207416	0.00149633	0.00287449	2.91313	0.00357827
AATGG	5	145	11384	28371	2.84E+06	0.00511085	0.00401255	0.00322899	0.00498529	2.90788	0.00363883
GATAA	5	110	8333	28371	2.84E+06	0.0038772	0.00293715	0.00227862	0.00378529	2.9068	0.00365145
TAAATA	6	76	5446	30013	3.00E+06	0.00253224	0.00181455	0.00132591	0.00248282	2.90131	0.00371612
ATTTCC	6	54	3643	24217	2.42E+06	0.00222984	0.00150432	0.00102578	0.00220561	2.89185	0.00382983
GAACTT	6	38	2382	24217	2.42E+06	0.00156915	0.000983607	0.00061346	0.00157674	2.88392	0.00392756
ATCTGT	6	49	3247	24217	2.42E+06	0.00202337	0.00134079	0.000894015	0.0020104	2.88119	0.00396175
AATCAA	6	34	2077	30013	3.00E+06	0.00113284	0.000692033	0.000417661	0.00114644	2.88049	0.00397052
TTGCTG	6	58	3975	24217	2.42E+06	0.00239501	0.00164141	0.00113751	0.002368	2.87612	0.00402596
TTAATTT	7	40	2542	25047	2.50E+06	0.001597	0.00101489	0.000642438	0.00160293	2.87079	0.0040945
TCAGGT	6	36	2234	26475	2.65E+06	0.00135977	0.000843815	0.000518378	0.00137328	2.86828	0.00412705
ATATTTA	7	30	1782	23287	2.33E+06	0.00128827	0.000765234	0.000444059	0.0013184	2.86243	0.004204
GGAGGAG	7	35	2162	32860	3.29E+06	0.00106512	0.000657943	0.000401005	0.00107933	2.85552	0.00429667
GACAGC	6	34	2088	24217	2.42E+06	0.00140397	0.000862204	0.000521056	0.00142639	2.84938	0.00438052
AAACAA	6	55	3749	30013	3.00E+06	0.00183254	0.00124913	0.000856339	0.00182175	2.84079	0.00450025
CATTC	5	146	11536	33139	3.31E+06	0.00440569	0.00348109	0.0028052	0.00431913	2.83981	0.00451403
TTGCC	5	142	11184	28371	2.84E+06	0.00500511	0.00394205	0.00316614	0.00490718	2.83957	0.00451739
TTTCC	5	266	22349	28371	2.84E+06	0.00937577	0.00787741	0.00674679	0.00919574	2.83801	0.00453963
TCATAA	6	39	2479	24217	2.42E+06	0.00161044	0.00102366	0.000644323	0.00162597	2.83328	0.00460727
CAGATG	6	46	3040	24217	2.42E+06	0.00189949	0.00125532	0.000825884	0.00190761	2.80996	0.0049547
TAAGT	5	128	9982	33139	3.31E+06	0.00386252	0.00301216	0.00238837	0.00379825	2.80687	0.00500254
CTAAA	5	138	10867	28371	2.84E+06	0.00486412	0.00383032	0.00306665	0.00478324	2.80125	0.00509043
TAAAAT	6	103	7819	26475	2.65E+06	0.00389046	0.00295335	0.00227255	0.00383732	2.7916	0.00524477
TTAGCT	6	36	2274	26475	2.65E+06	0.00135977	0.000858924	0.000529893	0.00139198	2.7601	0.00577832
GGTGAG	6	46	3064	26475	2.65E+06	0.00173749	0.00115732	0.000762634	0.0017559	2.7559	0.00585306
TATT	4	991	90828	50609	5.06E+06	0.0195815	0.017947	0.0166248	0.0193723	2.75474	0.00587391
GCGCC	5	83	6132	28371	2.84E+06	0.00292552	0.00216136	0.00160798	0.00290464	2.75303	0.00590473
GCATT	5	142	11293	28371	2.84E+06	0.00500511	0.00398047	0.00320039	0.00494976	2.72393	0.0064511
ATAAAT	6	68	4887	30013	3.00E+06	0.00226568	0.00162829	0.00116937	0.00226692	2.71987	0.00653073
TAAGC	5	84	6246	28371	2.84E+06	0.00296077	0.00220154	0.00164229	0.00295067	2.71034	0.00672139
ATGAAA	6	65	4643	26475	2.65E+06	0.00245515	0.00175373	0.0012488	0.00246232	2.7088	0.00675278
ATAATT	6	72	5232	24217	2.42E+06	0.00297312	0.00216047	0.00156882	0.00297457	2.70517	0.00682692
GTCAA	5	80	5911	28371	2.84E+06	0.00281978	0.00208347	0.0015416	0.00281525	2.70174	0.00689781
AGTT	4	627	56315	37924	3.79E+06	0.0165331	0.0148494	0.0134723	0.0163651	2.69586	0.00702077
CAAAT	5	162	13109	28371	2.84E+06	0.00571006	0.00462056	0.00377372	0.00565636	2.6894	0.00715809
TTCAAA	6	63	4488	24217	2.42E+06	0.00260148	0.00185324	0.0013121	0.00261698	2.68849	0.0071775
GTTTGT	6	58	4074	30013	3.00E+06	0.0019325	0.00135741	0.000944844	0.00194978	2.68693	0.00721114
AGCTT	5	163	13203	28371	2.84E+06	0.0057453	0.0046537	0.00380353	0.0056928	2.68507	0.00725145
GTTTCT	6	69	4994	24217	2.42E+06	0.00284924	0.00206219	0.00148629	0.00286059	2.68144	0.0073305
CAACT	5	95	7211	28371	2.84E+06	0.00334849	0.00254168	0.00193476	0.00333835	2.68139	0.00733166
TCCTT	5	248	20914	33139	3.31E+06	0.00748363	0.00631099	0.00537648	0.00740672	2.6798	0.0073667
TTTTGT	6	124	9746	26475	2.65E+06	0.00468366	0.00368121	0.00291094	0.00465434	2.67637	0.00744255
TTTAAAA	7	65	4668	22067	2.21E+06	0.00294557	0.00211538	0.00150775	0.00296716	2.66575	0.00768176
TGGCTG	6	73	5347	30013	3.00E+06	0.00243228	0.00178156	0.00129807	0.00244469	2.65516	0.00792701
TATTTT	6	176	14404	26475	2.65E+06	0.00664778	0.0054406	0.00448523	0.00659813	2.65409	0.00795232
GGGTGG	6	130	10304	30013	3.00E+06	0.00433146	0.00343318	0.00273223	0.00431317	2.64389	0.00819596
CATTA	5	132	10483	28371	2.84E+06	0.00465264	0.00369497	0.00294638	0.00463286	2.64202	0.0082414
TTTTTA	6	170	13896	24217	2.42E+06	0.00701986	0.00573812	0.00471414	0.00698295	2.62476	0.00867113
AATCA	5	128	10158	33139	3.31E+06	0.00386252	0.00306527	0.00243539	0.00385743	2.60902	0.00908011
TAACT	5	129	10252	33139	3.31E+06	0.00389269	0.00309364	0.00246052	0.00388902	2.60299	0.0092414
TTCAG	5	205	17091	28371	2.84E+06	0.00722569	0.00602411	0.00504554	0.0071911	2.59997	0.00932311
TGGCT	5	220	18461	33139	3.31E+06	0.0066387	0.00557078	0.00469701	0.006606	2.59655	0.00941665
GGTGGG	6	132	10589	30013	3.00E+06	0.00439809	0.00352814	0.0028165	0.00441879	2.52615	0.0115321
GAATT	5	166	13668	28371	2.84E+06	0.00585105	0.0048176	0.00395115	0.00587292	2.49885	0.0124595
